0.151099234530470624869385162867968
0.153269229051179101855769850725679
0.155463328330727171499541255617610
0.157681188505575780333903528769852
0.159922440977596844901731221937710
0.162186692218133298509314490923411
0.164473523607222791481018965189920
0.166782491309311342460956017935241
0.169113126186715759885283028470812
0.171464933752019577246932936533461
0.173837394160506708413587126734449
0.176229962243650204519843948789016
0.178642067584580595662175205562801
0.181073114636359581745040141998537
0.183522482883780588952374105985404
0.185989527049308260859188633111884
0.188473577343654672254544589013840
0.190973939761371340685886518615724
0.193489896421713400457366290224700
0.196020705954906062735303529679304
0.198565603933814209152043696007169
0.201123803350884177104621105266875
0.203694495140093038867133933459839
0.206276848743505520464672672914194
0.208870012721902734246685002838907
0.211473115408810709509556759008844
0.214085265607120906999856176000657
0.216705553327360110966836048939489
0.219333050566533924699689718169966
0.221966812126337169127435330277095
0.224605876469396410942319477677992
0.227249266612085229662623149966648
0.229895991052332261954664552696580
0.232545044730726109455158231614547
0.235195410023110415779960758635787
0.237846057762757337695629753302913
0.240495948290108755246473546212454
0.243144032527982355746581319939284
0.245789253080054622790554307900842
0.248430545350355162892573176620488
0.251066838681437068848809435285188
0.253697057508826468751891775020259
0.256320122529301317664966516510992
0.258934951880505085162291371848729
0.261540462329365459853460488975634
0.264135570466761668013802353521308
0.266719193905866576150986395628016
0.269290252481581457354050392309278
0.271847669448482141327851300723769
0.274390372674705183438641521516326
0.276917295829221577606079288512173
0.279427379559973254715459001707466
0.281919572660383961588200082613399
0.284392833221800872316368590149755
0.286846129769476170495242162218142
0.289278442379758546062774649716865
0.291688763776232726969280463337079
0.294076100402620433735662980748455
0.296439473470338094041015787067578
0.298777919978694847691585488109565
0.301090493705808348628715862918535
0.303376266168415148308650566910856
0.305634327548856524707201162780911
0.307863787587628990171535911610278
0.310063776440000845432634019630699
0.312233445495311514970687474275387
0.314371968157688465132154181714966
0.316478540587036734562840668326607
0.318552382399277962496957239302831
0.320592737324938755314895797035139
0.322598873825311764764599464446226
0.324570085665536452410289184549479
0.326505692444069687748512603291229
0.328405040078138591379579028154832
0.330267501244888927063898281279298
0.332092475778061424921019093375585
0.333879391020145261819913911329767
0.335627702130072137020054248761984
0.337336892346625589080452429660560
0.339006473207848057724901338518058
0.340635984726832382501009560608791
0.342224995524384657207284308619557
0.343773102919141361977881188071170
0.345279932975815239018871681437260
0.346745140512331257453070694405498
0.348168409066696050437025356289130
0.349549450824521255039299388859525
0.350888006508193121790212018448925
0.352183845228747493360793379083979
0.353436764301570714397946782153720
0.354646589027103187070090586029456
0.355813172437773114398819809182772
0.356936395012433485054540362593279
0.358016164359615580974316690163156
0.359052414870947286602580114489993
0.360045107346114319842030535906193
0.360994228590767283068584421782381
0.361899790988797258612365136506182
0.362761832050417673986570091304723
0.363580413937500479718572679403510
0.364355622967620472128745365686323
0.365087569098263021958649121491703
0.365776385392647715005012030088211
0.366422227468613659576626617350813
0.367025272932001662053518722211645
0.367585720795954316825248227432166
0.368103790887537506181792104557102
0.368579723243066068859605555358511
0.369013777493492685002839026945452
0.369406232241192553792986364862022
0.369757384429447421759815838188048
0.370067548705901167939876554191409
0.370337056781225678061656786110826
0.370566256784200352720426771254767
0.370755512614371499596396397422909
0.370905203293419258572782341612088
0.371015722316319797717589773980806
0.371087477003349488667077379153321
0.371120887853935807176007315452160
0.371116387903316987208147944901860
0.371074422082929156784290295924091
0.370995446585395965510779327743072
0.370879928234951734384905920857902
0.370728343864085067463940389129107
0.370541179697145803705262687748559
0.370318930741614289084864749558569
0.370062100187688339186462761000588
0.369771198816800057854113736127415
0.369446744419631987083119719430620
0.369089261224159987837842585934316
0.368699279334208883653490609169756
0.368277334178966323516667970073020
0.367823965973860614683569771134072
0.367339719193169509262058164275819
0.366825142054689162652762241626073
0.366280786016755772257232876734308
0.365707205287876799245719479400471
0.365104956349194216002978687429295
0.364474597489968942119155432982644
0.363816688356243561337937586770393
0.363131789512809573770626486610893
0.362420462018575849463113648142274
0.361683267015406623368474296444087
0.360920765330470315312451904550841
0.360133517092114674401616998955677
0.359322081359259233951655977120365
0.358487015764272814819296526277361
0.357628876169281822688973737095239
0.356748216335834335636449629616242
0.355845587607825456249650278034142
0.354921538607571088932444423642328
0.353976614944900176335103045702162
0.353011358939119465374612690514410
0.352026309353690047151267426907785
0.351022001143441198491104767021420
0.349998965214134416466560083520992
0.348957728194178950273334710757088
0.347898812218289565265452459097509
0.346822734722867688759060235936837
0.345730008252878452573115610815275
0.344621140279988428700901407967992
0.343496633031722017040176553672636
0.342356983331388452467418501807209
0.341202682448526217259248331034355
0.340034215959607238432813348885075
0.338852063618739582566780543337290
0.337656699238104397839314438385860
0.336448590577860559440993744642667
0.335228199245248815645100247378266
0.333995980602626173581902732292846
0.332752383684160772663259646711974
0.331497851120917536763902450969851
0.330232819074065441502214779537538
0.328957717175938248838315650089368
0.327672968478682017076705252137906
0.326378989410224560415423482505126
0.325076189737304279484040255008736
0.323764972535298384817801706022036
0.322445734164593461805709580831758
0.321118864253244552147030050470964
0.319784745685672428027870240635882
0.318443754597152486823384970347839
0.317096260373852672845172622848812
0.315742625658182016158631589069424
0.314383206359215745427907497633586
0.313018351667967461702528238987784
0.311648404077283533586741077104925
0.310273699406139672816388005429025
0.308894566828124555321325293409215
0.307511328903900349696619671127359
0.306124301617435086858424306112649
0.304733794415806936609394657936890
0.303340110252385634825394786483490
0.301943545633201515772646748399884
0.300544390666317835252984970505442
0.299142929114027310219330407399146
0.297739438447699038328495401668231
0.296334189905107186463304353890815
0.294927448550078041129400025377704
0.293519473334297187066211660670163
0.292110517161123715316297494844105
0.290700826951263450914310825015099
0.289290643710158226433717437362247
0.287880202596953204593770775055153
0.286469732994909165263364989067728
0.285059458583131514313797659815120
0.283649597409492539185178855654671
0.282240361964628124537167085370620
0.280831959256894747205773559741309
0.279424590888177089568454490182882
0.278018453130441041423367609332617
0.276613737002931200096342612764185
0.275210628349916224546949121975486
0.273809307918889549943345109754059
0.272409951439137023028327163993599
0.271012729700586974423994493580068
0.269617808632862100922178637563025
0.268225349384456288150988731317303
0.266835508401963161411608633604088
0.265448437509286709792307919960296
0.264064283986767785951846164751891
0.262683190650163641484575214729171
0.261305295929420915981192893430806
0.259930733947185657398590237624009
0.258559634596997012921837540243866
0.257192123621114194056206552350919
0.255828322687929188272754860933595
0.254468349468920463311476161605848
0.253112317715105590492718834433604
0.251760337332953301468508753437748
0.250412514459717990215150181314018
0.249068951538162080258614650790429
0.247729747390633997734385644895656
0.246394997292471725572786068511753
0.245064793044704064580138768836702
0.243739223046023795210255809524152
0.242418372364008921181651255491591
0.241102322805570084615955900619675
0.239791152986604073899067908392325
0.238484938400835101864013463780632
0.237183751487827215042018854446770
0.235887661700152806512944611738882
0.234596735569703747198773325437086
0.233311036773133125174527814945024
0.232030626196416991605635365448236
0.230755561998526857137101197451546
0.229485899674204965824292749971196
0.228221692115835596859640987320723
0.226962989674406809248935096404449
0.225709840219558153040229627718719
0.224462289198710924500835264966336
0.223220379695278543542540291475585
0.221984152485955581455361030011166
0.220753646097084867341494799821772
0.219528896860102954230542144205848
0.218309938966065032361039897802503
0.217096804519251139157126810574629
0.215889523589856234605678102476806
0.214688124265767388608319532557679
0.213492632703431964970412029092681
0.212303073177821286487104956046887
0.211119468131494828551852943450206
0.209941838222770516267262424473272
0.208770202373007193568364793337677
0.207604577813005793725562105460781
0.206444980128536170094249750949185
0.205291423304996945400750943247595
0.204143919771216108444645233682988
0.203002480442400430065643697192304
0.201867114762242086743763566187832
0.200737830744191171414987171248907
0.199614635011903038096897525474726
0.198497532838869670802141600160423
0.197386528187244489010722767013149
0.196281623745870202680840189129174
0.195182820967519510375584749916889
0.194090120105358595510644248896776
0.193003520248643518896263309002444
0.191923019357659731534244724729895
0.190848614297915040886765975712912
0.189780300873596457377626209539361
0.188718073860301426508682860224756
0.187661927037054016436807858042886
0.186611853217616681894139525540104
0.185567844281108263654153364006088
0.184529891201938909029183856451188
0.183497984079072613786857019723078
0.182472112164628090023754548806428
0.181452263891828658540459258403003
0.180438426902311848705141453460292
0.179430588072809364232185729024333
0.178428733541208040274764139963820
0.177432848732002376250705879580023
0.176442918381149180383341764652475
0.175458926560334806516568396708646
0.174480856700665401809669794151659
0.173508691615790515866691521908636
0.172542413524470348122979060758805
0.171582004072596831295418088814271
0.170627444354678664783040759671274
0.169678714934800323444197969023672
0.168735795867064974522334848171543
0.167798666715531138975673638238300
0.166867306573652833402711471303979
0.165941694083232825446595749823454
0.165021807452898529294188699941862
0.164107624476109958933349672131500
0.163199122548709045454849366029389
0.162296278686019511130892287914758
0.161399069539506377505746781017477
0.160507471413004067518983440072021
0.159621460278521942960497792851268
0.158741011791635998530146837799270
0.157866101306475312634296413586665
0.156996703890311732977630621714733
0.156132794337761152172323169727070
0.155274347184604605149939934388546
0.154421336721237296277150363040661
0.153573737005753539888843795233961
0.152731521876675473597749988106921
0.151894664965333279346468098156139
0.151063139707904522856702800728633
0.150236919357120098015066015523676
0.149415976993644138921699033847324
0.148600285537135138917265998031751
0.147789817756995392989307840401803
0.146984546282815757628223980455203
0.146184443614522600538188571174429
0.145389482132233691685511393267656
0.144599634105829667057453259092081
0.143814871704247577274404738921386
0.143035167004502914908939276404586
0.142260492000446397073285652803757
0.141490818611261663594597459300066
0.140726118689709935953241359554567
0.139966364030127568157438375196093
0.139211526376182307908465685535771
0.138461577428393974811172511573080
0.137716488851425152038290936207989
0.136976232281147378794205689114535
0.136240779331488223171690242968377
0.135510101601064508577910593272388
0.134784170679606861845270194725769
0.134062958154180647457328277203997
0.133346435615208250026497465902333
0.132634574662297566272596143399151
0.131927346909881468281457063791962
0.131224723992672901780439006302648
0.130526677570940186560634155321647
0.129833179335606991009722517364707
0.129144201013181358998945941343233
0.128459714370518075095048413146261
0.127779691219418563244184815121572
0.127104103421072424699197934950263
0.126432922890344633032385527407734
0.125766121599912317589715323517528
0.125103671584254981694974745211484
0.124445544943501918298009526794481
0.123791713847140503573398866998481
0.123142150537588968207034183889469
0.122496827333637166749594465460827
0.121855716633758787458469023963266
0.121218790919298368483100095084444
0.120586022757536411062100187896146
0.119957384804635806582260263536388
0.119332849808472721887496500101038
0.118712390611355016107101776142221
0.118095980152631192484061618400979
0.117483591471192820211869680893370
0.116875197707873294118002523720781
0.116270772107745734149357484996574
0.115670288022322762004531962966254
0.115073718911660828904516787091193
0.114481038346371706381593053857468
0.113892220009543691080109625787560
0.113307237698575014886303879880481
0.112726065326921893221144985023369
0.112148676925763587023896050834519
0.111575046645586797808139773247375
0.111005148757691660169709312979751
0.110438957655621542250539993182157
0.109876447856518811897068389429424
0.109317594002408674579567273063650
0.108762370861413138542804425993460
0.108210753328897113121728793510101
0.107662716428548597661605773901902
0.107118235313394871013256657462795
0.106577285266756545113957529858846
0.106039841703141300696326982129607
0.105505880169079078674454070661878
0.104975376343900457221942596437868
0.104448306040459901963921016638826
0.103924645205805535037937627604260
0.103404369921797028020688861009176
0.102887456405673183852496966226595
0.102373881010570733903274447973779
0.101863620225995838196436778254410
0.101356650678249739525047683119749
0.100852949130809985741750124152577
0.100352492484668598865256258661001
0.0998552577786285348060099126511348
0.0993612221895597434569326360609717
0.0988703630326161056069294277686151
0.0983826577614144906002499955644629
0.0978980839681771468692439584524562
0.0974166193838386063970656757380983
0.0969382418781182538062151850851108
0.0964629294595596811043741341681304
0.0959906602755379201369291170134028
0.0955214126122356164821822411921428
0.0950551648945891808670375675499899
0.0945918956862059271646257508201589
0.0941315836892531796477881350805549
0.0936742077443203064006836685533996
0.0932197468302546106223032612121749
0.0927681800639719869778708094528365
0.0923194867002432261546704774380312
0.0918736461314568273456564066065361
0.0914306378873591555053619175903577
0.0909904416347727578864156475970852
0.0905530371772936325598734627040783
0.0901184044549682203372644097027025
0.0896865235439508707355978989243339
0.0892573746561425123476525225042582
0.0888309381388112381879212363985673
0.0884071944741954972690705487781800
0.0879861242790905648143195072961521
0.0875677083044189451175818878297117
0.0871519274347853431155521872110709
0.0867387626880168232243470906104202
0.0863281952146887569082156174018361
0.0859202062976371437797601642814320
0.0855147773514578747708026378199695
0.0851118899219934900513967214094784
0.0847115256858079689026153528673091
0.0843136664496500736578902654425762
0.0839182941499057551092766501159201
0.0835253908520401124206572454139347
0.0831349387500293865913487815351304
0.0827469201657834528627554990307994
0.0823613175485592641497164353027246
0.0819781134743656845992612532814219
0.0815972906453601397250261266354599
0.0812188318892374972281434563675926
0.0808427201586115805877158268566517
0.0804689385303897057788741318476275
0.0800974702051406200469080641441744
0.0797282985064562105251950234969186
0.0793614068803073396259344891157039
0.0789967788943941535494529131094924
0.0786343982374911999436511409610113
0.0782742487187876806937299024725851
0.0779163142672231560274901150517719
0.0775605789308190065772358123677261
0.0772070268760059507397095303406628
0.0768556423869479056147906276995059
0.0765064098648624709762383283046624
0.0761593138273383071280374188294011
0.0758143389076496691224996155282199
0.0754714698540683516558994623212928
0.0751306915291732910089076435901647
0.0747919889091580626573676167087672
0.0744553470831365056390956188384421
0.0741207512524466974195307060738345
0.0737881867299534958484889884309199
0.0734576389393498578373581479784363
0.0731290934144571376062812269473273
0.0728025357985245607498001432949160
0.0724779518435280639427360894527694
0.0721553274094686838515496626214796
0.0718346484636706727259172146126901
0.0715159010800795122167437366198794
0.0711990714385599911963602674761767
0.0708841458241945077403685645820012
0.0705711106265817499647285935448784
0.0702599523391359050925522324748127
0.0699506575583865409490706129511385
0.0696432129832792990468663671376944
0.0693376054144775335232701199050820
0.0690338217536650254244563426436014
0.0687318490028498971929580922991115
0.0684316742636698477038499250689168
0.0681332847366988238065943412581630
0.0678366677207552400614530699171904
0.0675418106122118542084450214449018
0.0672487009043074018701720877354959
0.0669573261864600900645845091843704
0.0666676741435830452871382411922932
0.0663797325554018082110918164965262
0.0660934892957739634472475708784417
0.0658089323320109892976721307237513
0.0655260497242024090293051388950916
0.0652448296245423218804144083993883
0.0649652602766583887931695204828810
0.0646873300149433447368309104856929
0.0644110272638891064458901424815261
0.0641363405374235414437064037617893
0.0638632584382499613525746916013163
0.0635917696571893997035953654732939
0.0633218629725257317521063896037607
0.0630535272493536911747522863406597
0.0627867514389298359705099346164276
0.0625215245780265134082309382529555
0.0622578357882888714556000231546874
0.0619956742755949617870010227652220
0.0617350293294189771988232224863345
0.0614758903221976640584714125621461
0.0612182467086999482760457227298822
0.0609620880253998112136565091875693
0.0607074038898524499350001645209662
0.0604541840000737542455483242543005
0.0602024181339231310799389096169167
0.0599520961484897049563840031200222
0.0597032079794819214366449250763954
0.0594557436406205788029234295961751
0.0592096932230353114884693367647565
0.0589650468946645471754333187113285
0.0587217948996589579001568013933529
0.0584799275577884239813797729574024
0.0582394352638525281094845800057839
0.0580003084870945955036338060134451
0.0577625377706192946572879730837967
0.0575261137308138118499189334209153
0.0572910270567726113026114949286395
0.0570572685097257915965416743532326
0.0568248289224710477549354812717825
0.0565936991988092472099750117388061
0.0563638703129836267351831487141139
0.0561353333091226163200645489495222
0.0559080793006862948962143943298123
0.0556820994699164817917578808419842
0.0554573850672904667929070339889766
0.0552339274109783807266951677616884
0.0550117178863042075466741449962720
0.0547907479452104380026590090134696
0.0545710091057263641056239219781075
0.0543524929514400127587594458383630
0.0541351911309737161146817057077674
0.0539190953574633154360469387678126
0.0537041974080409944815983077831746
0.0534904891233217377112030208694320
0.0532779624068934079009930752310378
0.0530666092248104370825871562658642
0.0528564216050911240678472501420650
0.0526473916372185311920318590197490
0.0524395114716449723028860253077274
0.0522327733193000834405111313670550
0.0520271694511024670921554694125384
0.0518226921974749003667466708043771
0.0516193339478630969154516271275246
0.0514170871502580119262161165823673
0.0512159443107216790415373943290657
0.0510158979929165675891054165674437
0.0508169408176384480738731707479022
0.0506190654623527534570585829891674
0.0504222646607344233420279160360947
0.0502265312022112177984648190180078
0.0500318579315104871842043999176127
0.0498382377482093839681344999635393
0.0496456636062885022171755682192802
0.0494541285136889300850968532367750
0.0492636255318727003303723207820693
0.0490741477753866235939983470050550
0.0488856884114294888857714225527512
0.0486982406594226154585531841770270
0.0485117977905837399941379023530899
0.0483263531275042227811001606206487
0.0481419000437295563340639050747447
0.0479584319633431596848340905875180
0.0477759423605534413684140630164028
0.0475944247592841139307501073609499
0.0474138727327677425997627993933174
0.0472342799031425105865152632014149
0.0470556399410521833189120832300496
0.0468779465652492537558087409992400
0.0467011935422012507845375003279666
0.0465253746857001925693270666499452
0.0463504838564751665916232733076526
0.0461765149618080180056272460603366
0.0460034619551521278231840913800710
0.0458313188357542623412144647082330
0.0456600796482794751319257376504580
0.0454897384824390428308180744075455
0.0453202894726214158797693931589452
0.0451517267975261653120042755594409
0.0449840446798009066022940843443664
0.0448172373856811815490737231201011
0.0446512992246332791050755169952382
0.0444862245489999760293593750978334
0.0443220077536491781960532099487097
0.0441586432756254433635066101872139
0.0439961255938043661817075101258885
0.0438344492285498061955248945434628
0.0436736087413739395864344133627023
0.0435135987346001153856771920718951
0.0433544138510284968871190565796084
0.0431960487736044689882465810210856
0.0430384982250897921925912167757260
0.0428817569677364840162512228218832
0.0427258198029634085549255777175300
0.0425706815710355549858312195618121
0.0424163371507459858008957515507700
0.0422627814591004355935571910891261
0.0421100094510045412512194539282833
0.0419580161189536844387699738331077
0.0418067964927254272954308841247106
0.0416563456390745223074579533867343
0.0415066586614304773626960043943955
0.0413577306995976570396233989019966
0.0412095569294579012331523125735565
0.0410621325626756422719802628996019
0.0409154528464055017375992492561207
0.0407695130630023482530526477335734
0.0406243085297337975700804905708048
0.0404798345984951363463077753427287
0.0403360866555266510695077472271174
0.0401930601211333436536152883565073
0.0400507504494070153009800223472220
0.0399091531279507002972425999462657
0.0397682636776054314791016131396640
0.0396280776521793191910260009624786
0.0394885906381789256245744761392097
0.0393497982545429165133276726836447
0.0392116961523779722374410221193203
0.0390742800146969404744097560179149
0.0389375455561592126167271054069422
0.0388014885228133062626401192138582
0.0386661046918416361730940886160272
0.0385313898713074561761379588393043
0.0383973398999039545894729796070380
0.0382639506467054858224008101606038
0.0381312180109209209101028979413595
0.0379991379216490998258996078940921
0.0378677063376363685108365318478862
0.0377369192470361836545696701889768
0.0376067726671707683570154956526597
0.0374772626442948018965427094854407
0.0373483852533611269275578503440494
0.0372201365977884575281264785766526
0.0370925128092310716167266487954718
0.0369655100473504713563045298895146
0.0368391244995889952634475338538890
0.0367133523809453658406638059260726
0.0365881899337521566504154361505801
0.0364636334274551628506546618144180
0.0363396791583946593131173476664902
0.0362163234495885305474971488615331
0.0360935626505172567568192240580431
0.0359713931369107404518176348737461
0.0358498113105369581548602899731398
0.0357288135989924218269252677257100
0.0356083964554944347542795031148235
0.0354885563586751267348131667589681
0.0353692898123772535074096732290875
0.0352505933454517454712522425528368
0.0351324635115569908455544186153725
0.0350148968889598385238260149556250
0.0348978900803383059804206575525919
0.0347814397125859776907303964330082
0.0346655424366180796299716343272672
0.0345501949271792155190206176824055
0.0344353938826527505891825511037227
0.0343211360248718287410934567705960
0.0342074180989320090761364367910711
0.0340942368730055078817830230113627
0.0339815891381570322551255909406955
0.0338694717081611916515288877954411
0.0337578814193214737477788143763229
0.0336468151302907711113266412379202
0.0335362697218934452691994460185113
0.0334262420969489148718560064139645
0.0333167291800967547486955900079515
0.0332077279176232927530595902042504
0.0330992352772896913953879157120119
0.0329912482481615013636891877950389
0.0328837638404396741306424459959752
0.0327767790852930209464550769871097
0.0326702910346921056160444709353871
0.0325642967612445585581774088531263
0.0324587933580317997428798365356164
0.0323537779384471582017094250403735
0.0322492476360353759033535746148863
0.0321451996043334838844661761873825
0.0320416310167130386226778433863200
0.0319385390662237067352972504674674
0.0318359209654381861833568670956048
0.0317337739462984522563363943971732
0.0316320952599633167081136057751672
0.0315308821766572885094374994448207
0.0314301319855207247764854758109669
0.0313298419944612605288478282211472
0.0312300095300065060235727041332302
0.0311306319371580005046967257775008
0.0310317065792464112999748616203919
0.0309332308377879672883024450776531
0.0308352021123421158525872939241664
0.0307376178203703925235758482691137
0.0306404753970964926103595696432563
0.0305437722953675342029822696856249
0.0304475059855165020217315844383647
0.0303516739552258616763247703674798
0.0302562737093923339862869242232160
0.0301613027699928191013654281566075
0.0300667586759514602478249477034749
0.0299726389830078370129199553413851
0.0298789412635862781657440392120912
0.0297856631066662840980049317258310
0.0296928021176540490530692189805493
0.0296003559182550733958592415590319
0.0295083221463478562598651453339271
0.0294166984558586589906559585627019
0.0293254825166373298878337196618632
0.0292346720143341808293730029751359
0.0291442646502779064437238093882210
0.0290542581413545365759279981223384
0.0289646502198874128743076945864713
0.0288754386335181804040280361265610
0.0287866211450887852730159870078610
0.0286981955325244693343316896381956
0.0286101595887177531071389888866235
0.0285225111214133981359075777464822
0.0284352479530943400844010074176490
0.0283483679208685839373630548085553
0.0282618688763570527586102423410807
0.0281757486855823815294713763571066
0.0280900052288586476661866453235336
0.0280046364006820298889900435098461
0.0279196401096223871891507140049171
0.0278350142782157497132423950289666
0.0277507568428577134563467638261478
0.0276668657536977307277774577251166
0.0275833389745342884242383596808792
0.0275001744827109662161039023671664
0.0274173702690133668227322929695427
0.0273349243375669106223963948520913
0.0272528347057354869115433059009018
0.0271710994040209541966743061219518
0.0270897164759634819701737413065865
0.0270086839780427264889105673721659
0.0269279999795798331413917703010612
0.0268476625626402580556648324340584
0.0267676698219374016660490315036530
0.0266880198647370470221248871104457
0.0266087108107625956882298192624249
0.0265297407921010941459984175232913
0.0264511079531100436762500507183941
0.0263728104503249867597673381730585
0.0262948464523678630992287626331573
0.0262172141398561284267599850075160
0.0261399117053126293232538165120847
0.0260629373530762273367809491864544
0.0259862892992131657480751134137983
0.0259099657714291723912300291621585
0.0258339650089822919973940882478594
0.0257582852625964415883949221177075
0.0256829247943756825058726778100972
0.0256078818777192027196507767233635
0.0255331547972370031167290262108398
0.0254587418486662815294490775853971
0.0253846413387885083180592841330130
0.0253108515853471873790979394682846
0.0252373709169662965067236207576097
0.0251641976730694010893518927550710
0.0250913302037994351787119346229056
0.0250187668699391440227177357719145
0.0249465060428321822073593880113670
0.0248745461043048616061637113408770
0.0248028854465885433886530343498584
0.0247315224722426683916494632176952
0.0246604555940784202092324815744427
0.0245896832350830154086633017483547
0.0245192038283446153306431187812927
0.0244490158169778539828773913998679
0.0243791176540499765860775840101246
0.0243095078025075833812485506308657
0.0242401847351039733563870292111094
0.0241711469343270825995576496082897
0.0241023928923280120337205492665796
0.0240339211108501393366622471147818
0.0239657301011588098969319585118494
0.0238978183839716017038121518415124
0.0238301844893891591160579589840360
0.0237628269568265905004281637674147
0.0236957443349454247769040083035447
0.0236289351815861219529540771208641
0.0235623980637011327742571394106775
0.0234961315572885026639431419851296
0.0234301342473260151666586358323348
0.0233644047277058701576098676380424
0.0232989416011698921201876479940339
0.0232337434792452638388359868279066
0.0231688089821807808964944228556477
0.0231041367388836224082250184443772
0.0230397253868566334645321864291448
0.0229755735721361147993998943157337
0.0229116799492301152392093775359067
0.0228480431810572225294643006333156
0.0227846619388858481766423366742271
0.0227215349022740019825153832172074
0.0226586607590095519879380790666188
0.0225960382050509655823988994396205
0.0225336659444685275745628458411754
0.0224715426893860310576125563555064
0.0224096671599229369414184751339009
0.0223480380841369980614414566054570
0.0222866541979673438117957471906207
0.0222255142451780212870795784198725
0.0221646169773019889544174999767075
0.0221039611535855589136559449263051
0.0220435455409332838398142036524711
0.0219833689138532847377198247296921
0.0219234300544030156742532823391263
0.0218637277521354616887943582336649
0.0218042608040457661173048739086506
0.0217450280145182836000019524995597
0.0216860281952740550767756515047201
0.0216272601653187011083873325928824
0.0215687227508907298950532535924547
0.0215104147854102563972742944317095
0.0214523351094281289967201613993725
0.0213944825705754601676175345173200
0.0213368560235135576614290966381213
0.0212794543298842527396468592458526
0.0212222763582606220212613114602283
0.0211653209840980995429102814017640
0.0211085870896859756608606121295136
0.0210520735640992794548344002715940
0.0209957793031510413242621898150667
0.0209397032093449324978307049453355
0.0208838441918282782071949759614963
0.0208282011663454413054465757200304
0.0207727730551915731403736382452983
0.0207175587871667285217168564132839
0.0206625572975303416505212151019171
0.0206077675279560599073082558286351
0.0205531884264869324241506173446596
0.0204988189474909503938218653464983
0.0204446580516169360970226075440752
0.0203907047057507776562509646525059
0.0203369578829720065521939930218508
0.0202834165625107149655689728669429
0.0202300797297048100341419124020983
0.0201769463759576021411974803397859
0.0201240154986957243780321576292907
0.0200712861013273803490929671931935
0.0200187571932009175141899537395410
0.0199664277895637232877738832546273
0.0199142969115214411405936351069807
0.0198623635859975039741326732630152
0.0198106268456929820630729942627101
0.0197590857290467428856502285893251
0.0197077392801959201861472721167023
0.0196565865489366896379280816674028
0.0196056265906853484993402026574898
0.0195548584664396966785163097376453
0.0195042812427407166465836188213717
0.0194538939916345496620475396870138
0.0194036957906347657921544344874938
0.0193536857226849252398598643639324
0.0193038628761214285076352626895689
0.0192542263446366529517395714739037
0.0192047752272423733027650028568965
0.0191555086282334637502397097279098
0.0191064256571518792108367212770542
0.0190575254287509134212999574166728
0.0190088070629597315185564009855051
0.0189602696848481747906404828283115
0.0189119124245918353030143105392496
0.0188637344174373981256274192045390
0.0188157348036682489066240983209534
0.0187679127285703445589768938292772
0.0187202673423983448465034227812784
0.0186727978003420026757119798003130
0.0186255032624928109197213528787783
0.0185783828938109036201135793786681
0.0185314358640922094320068241679264
0.0184846613479358551968808981306522
0.0184380585247118175467518891089580
0.0183916265785288204621766658126133
0.0183453646982024767252743404720331
0.0182992720772236712274818251618358
0.0182533479137271841101160620769223
0.0182075914104605517339980071230396
0.0181620017747531634924046418349806
0.0181165782184855924994568091204435
0.0180713199580591582037241274185921
0.0180262262143657189943352349358854
0.0179812962127576928842237357523341
0.0179365291830183043723190336465053
0.0178919243593320556035083042228604
0.0178474809802554199620527140793817
0.0178031982886877562508391761450862
0.0177590755318424416253899479392492
0.0177151119612182214679377356216166
0.0176713068325707744031051489479153
0.0176276594058844906728058347142051
0.0175841689453444621039118596245574
0.0175408347193086819180093650644358
0.0174976560002804526481936100766983
0.0174546320648810004433366758394999
0.0174117621938222940555977330049567
0.0173690456718800668221382672888565
0.0173264817878670399670544007615968
0.0172840698346063455644468056743757
0.0172418091089051475183170409934303
0.0171996989115284589296087931719881
0.0171577385471731542352048036563213
0.0171159273244421745180465354156424
0.0170742645558189244017651763434420
0.0170327495576418589573006934552920
0.0169913816500792590629416210730818
0.0169501601571041936730433593145970
0.0169090844064696674643782349805702
0.0168681537296839523426376823280556
0.0168273674619861013050468715120954
0.0167867249423216431683661713283451
0.0167462255133184566847431924411985
0.0167058685212628225809450182550310
0.0166656533160756520694437823703970
0.0166255792512888903926511723155593
0.0165856456840220939742998959658528
0.0165458519749591797645537957169945
0.0165061974883253453778942810622279
0.0164666815918641586351802068683722
0.0164273036568148151335123757075972
0.0163880630578895624796536007501270
0.0163489591732512898347618330335894
0.0163099913844912814300883249684561
0.0162711590766071327250762518722899
0.0162324616379808278909687159792122
0.0161938984603569773145996733392730
0.0161554689388212138284981037511271
0.0161171724717787463847857277459588
0.0160790084609330699015927930733278
0.0160409763112648300218559266567751
0.0160030754310108415353977873152306
0.0159653052316432592261212606984239
0.0159276651278488999169822022453171
0.0158901545375087144961352383855082
0.0158527728816774087182778530472921
0.0158155195845632115857498788204791
0.0157783940735077901243795335636825
0.0157413957789663093794042383526749
0.0157045241344876364670355568206568
0.0156677785766946875273836354808341
0.0156311585452649164345084169217547
0.0155946634829109441293235513196965
0.0155582928353613274509452462116967
0.0155220460513414663518531608873932
0.0154859225825546483919147524149558
0.0154499218836632294159190889793333
0.0154140434122699493287719281574391
0.0153782866288993818919216698541979
0.0153426509969795174739164844140116
0.0153071359828234776972373261880856
0.0152717410556113609327105036845811
0.0152364656873722176018778133580383
0.0152013093529661542566927710810896
0.0151662715300665654148190014054584
0.0151313516991424921376321700009120
0.0150965493434411063467707614937213
0.0150618639489703198837442979097723
0.0150272950044815173256910389993396
0.0149928420014524115788815742280185
0.0149585044340700212799907689895392
0.0149242817992137690435090190106221
0.0148901735964386996019354439764676
0.0148561793279588168935912537994459
0.0148222984986305391610117811342525
0.0147885306159362711309213169894362
0.0147548751899680923547666307727995
0.0147213317334115607966836129748351
0.0146878997615296307635975521080418
0.0146545787921466842799118447446220
0.0146213683456326750169231289563595
0.0145882679448873838947136108108795
0.0145552771153247854818143977618888
0.0145223953848575243254076320867408
0.0144896222838815003522407956911389
0.0144569573452605624877643918183836
0.0144244001043113096482749502141865
0.0143919500987879982680495944590905
0.0143596068688675555305968915082379
0.0143273699571346974802220057207426
0.0142952389085671511971129283555945
0.0142632132705209802260993680443699
0.0142312925927160124561173814180232
0.0141994764272213696542316031281072
0.0141677643284410978648236022500364
0.0141361558530998978912500428592272
0.0141046505602289550839085499428422
0.0140732480111518676652230614609650
0.0140419477694706728285745612660846
0.0140107494010519698546580080035488
0.0139796524740131394951425686883911
0.0139486565587086588798504934461760
0.0139177612277165112099506854525239
0.0138869660558246895058867774716727
0.0138562706200177936849268682248100
0.0138256744994637202493335373950045
