0.151099234530470624869385162867968
0.174054077844709080843981409401346
0.199029765153433014281336138860445
0.225326413508976044118273530535123
0.252024041420802155057672641812239
0.278060393896769555466753367012357
0.302340659702957473011085774263518
0.323857365731718864225996814282157
0.341795669058802787546782056820772
0.355604288410390811405756254883695
0.365022812928447883469655484267909
0.370067548705901167939876554191409
0.370986447857308323935601999744033
0.368197224947765069178717694427170
0.362221950603705769873788203867872
0.353627936849690717383436956972273
0.342980457945685471665093398447653
0.330809107640358617884512855226847
0.317586987670533400712600328790044
0.303720503956779801566689978978505
0.289547066656778556197661922394529
0.275338112468278368304720751577864
0.261305295929420915981192893430806
0.247608221016863552399314299774271
0.234362581521354815071564608539408
0.221647990912331901365145390612372
0.209515094353265293542403503470179
0.197991774642656470648446565452996
0.187088407144733318542747574586554
0.176802205099814714422327452306958
0.167120742963415864704302584571787
0.158024765142883928996788017016413
0.149490390729943163060791469935957
0.141490818611261663594597459300066
0.133997626367289419054254103348069
0.126981743606039738455300071673326
0.120414167583903462408407172538541
0.114266477098642134080414883350385
0.108511190147300306595617806912645
0.103122001860027454775948288878192
0.0980739317088949438330930812333021
0.0933434028168675500792315635087433
0.0889082711861224432534074696890532
0.0847478186497084619567743316468890
0.0808427201586115805877158268566517
0.0771749934979426227902403889236559
0.0737279375521508511152283271399784
0.0704860637014091702689686943352747
0.0674350237400567274838829374549247
0.0645615367902951610016271302767738
0.0618533169814537229725702561110747
0.0592990031301115114519394378930109
0.0568880912519238071343186098131918
0.0546108704327266862715765695719282
0.0524583623612768137216042597615155
0.0504222646607344233420279160360947
0.0484948980366126028704937462440880
0.0466691571744320878077556318561131
0.0449384652622426697734037346548743
0.0432967319749371998341385715109359
0.0417383147338378204576259470327542
0.0402579830424971389491297459486459
0.0388508856950629554716559189389931
0.0375125206546448037019539229727731
0.0362387074041821025000454458676854
0.0350255615800575716720853279691967
0.0338694717081611916515288877954411
0.0327670778725743558532774193459620
0.0317152521579868858328539774791404
0.0307110807180027528367639247770740
0.0297518473323657092932729453715597
0.0288350183266591027714998878998825
0.0279582287380831075148807929751484
0.0271192696204123124644937741898812
0.0263160763901463025681201326927528
0.0255467181241698584821958540042998
0.0248093877269398957452988831072901
0.0241023928923280120337205492665796
0.0234241477917937186000171815889867
0.0227731654265727346384037467582631
0.0221480505870689314696552731180588
0.0215474933676709623980052946392756
0.0209702631898089725047237717332719
0.0204152032902562090938097059443883
0.0198812256354969162075541227618892
0.0193673062264561905979962691784368
0.0188724807610483878562558701628307
0.0183958406248752459360651216777839
0.0179365291830183043723190336465053
0.0174937383482457299484365910795730
0.0170667054031127733389499258597403
0.0166547100553974814643514260765772
0.0162570717080970183519646938875752
0.0158731469268314818717910441221729
0.0155023270889764663777669123111012
0.0151440362001864830208513134742699
0.0147977288651911354772840695938359
0.0144628884008559395621893842169155
0.0141390250805101028973074575738527
0.0138256744994637202493335373950045
