0.0108571914053753818173326409564433
0.0112777856286448058729453953536152
0.0117209222602943834793058026628907
0.0121879658966543382655395998964283
0.0126803426042364045847588702098533
0.0131995335888809374478628699567775
0.0137470653740788956080997355466018
0.0143244954553460250447121318000574
0.0149333921503212380419233919131511
0.0155753070784231407351886532866209
0.0162517383875238857214907861953960
0.0169640825201856321233682819613695
0.0177135720255200984888427994333280
0.0185011967651904775297112471751287
0.0193276059983816599601171539363610
0.0201929895507525127712630641973768
0.0210969380743365614528441289114149
0.0220382861283871955653166288901327
0.0230149488493272492761428166870910
0.0240237756160531923761434225191425
0.0250604660502470434865049128132584
0.0261196308114172011632270797030829
0.0271951411886848651285692344266141
0.0282810116382721387829325103372358
0.0293732193845636800719597495294917
0.0304731156782738374061728263636279
0.0315934667000171262394909997639788
0.0327687333390797665139284183647292
0.0340720216525211206280156247532556
0.0356422631142871281214450340320400
0.0377265903373025237213395422907190
0.0407442115668661970752493747959194
0.0453778835882656089745058676892882
0.0526925104711084835446808483234009
0.0642547999284218745567457519470273
0.0821601801968157835426500988804076
0.108751972966524974185565179312702
0.145734115805416549116217472319992
0.192630477564860769651669248555070
0.245368657710934003937464170705311
0.296492900415065371990576213007031
0.337681635318548676743875739960678
0.363083249922653869930268541009435
0.371122953528778718490384061061871
0.363983717833684857538750915269087
0.345805030801539214487094315667970
0.320967617832980049087586337359594
0.293103281715628537180644878339092
0.264787445988748618805400241766313
0.237626768724762320424183278560113
0.212491923544635971574890916474995
0.189756091780420129327538434456890
0.169485373094609904792702892246792
0.151572763272144757589925693755844
0.135825037548835760076523541113692
0.122015600892843453218158251126903
0.109914684374551294543039553459511
0.0993052831925194708800137032740507
0.0899905177585508497516808722158495
0.0817960611412529163158298786162427
0.0745698807437947791221211518314537
0.0681806369065801208102546405952118
0.0625155146111575774741499671801598
0.0574779193239230566229120121710299
0.0529852626367274447098179735699984
0.0489669440953896884490799714371242
0.0453625684045548987917079684152687
0.0421204009320141173813689603159515
0.0391960462163301382849431848537543
0.0365513262480917856829200027000209
0.0341533330353116539838642236963375
0.0319736306751152409807093503277138
0.0299875842819626339491721515502765
0.0281737957948828311681000332266425
0.0265136294320205957466401386987033
0.0249908121427125730814545643101567
0.0235910967203714731425365008558093
0.0223019772518168329712210482407594
0.0211124482968783160464543393262691
0.0200128006410527320013604466384675
0.0189944476758605969953078672002014
0.0180497774696082027751376973121015
0.0171720264268804727051201607353591
0.0163551711263450351808421569171358
0.0155938354977048209480971745947766
0.0148832109706212819807457784940004
0.0142189876185387823284628903000093
0.0135972946430410878617392132386987
0.0130146488116224355253968565797518
0.0124679096834029657404680664786903
0.0119542406414437474911776106654151
0.0114710749035456029951100157560707
0.0110160858111755856858477871145020
0.0105871608029005007777522163196180
0.0101823785680607015689084169066006
0.00979998895137647994138213928746472
0.00943839524219573721832827010975395
0.00909613853518083568118029775061355
0.00877188389405383488302924002101995
0.00846440808794084438409950895233206
