0.0108571914053753818173326409564433
0.0108979029096624898993860177931510
0.0109388242144068866177031375493652
0.0109799565616464792956885594237416
0.0110213011998668755134504092648686
0.0110628593839905506151372889914117
0.0111046323753644921241097748236638
0.0111466214417462752764601152638877
0.0111888278572885227584222509926714
0.0112312529025217005835505636394394
0.0112738978643352008707437436155454
0.0113167640359566610838006880772786
0.0113598527169294680667664605504476
0.0114031652130883939564036832329948
0.0114467028365333097732518311443779
0.0114904669056009211854556062792034
0.0115344587448344696043944780853432
0.0115786796849513404076683652466273
0.0116231310628085186927287691334627
0.0116678142213658315429301315719488
0.0117127305096469143365532412325638
0.0117578812826978371479630085420714
0.0118032679015433257780507690433720
0.0118488917331405104080231060531886
0.0118947541503301332959851469628383
0.0119408565317851453291808213848255
0.0119872002619566196057552631229509
0.0120337867310169085480610463447446
0.0120806173347999693444129635859283
0.0121276934747387807773863517757351
0.0121750165577997727238415096731787
0.0122225879964141878044418464654025
0.0122704092084062928181279944182354
0.0123184816169183557194390967745064
0.0123668066503323019833751025070657
0.0124153857421879622533252940162157
0.0124642203310978211821210493934505
0.0125133118606581753541967780111221
0.0125626617793566061178748235442607
0.0126122715404756710606635467092086
0.0126621426019927157269333410168167
0.0127122764264757050062006230029153
0.0127626744809749714113218393574846
0.0128133382369107752190269660122288
0.0128642691699565691602878647030623
0.0129154687599178580249412478369571
0.0129669384906065411837287918089941
0.0130186798497106236314809406008559
0.0130706943286591787176050648899092
0.0131229834224824432544412829378728
0.0131755486296669231805718698430904
0.0132283914520053854050210914452823
0.0132815133944416088697306539612086
0.0133349159649097652420759841976902
0.0133886006741682969869039999281651
0.0134425690356281578691018853591009
0.0134968225651752782036058519619370
0.0135513627809871144006705978710771
0.0136061912033431395508758341892203
0.0136613093544291289575733200904291
0.0137167187581350916552058441254048
0.0137724209398466960511965212396266
0.0138284174262300348980660283975666
0.0138847097450095718423629636244662
0.0139412994247391088092945987745160
0.0139981879945656104681663862489497
0.0140553769839857189855698927743474
0.0141128679225947892125472534694747
0.0141706623398282713707177240470233
0.0142287617646952652027653994171403
0.0142871677255040664371290288673523
0.0143458817495795232877738779967882
0.0144049053629720175703385541391808
0.0144642400901578818687336103137657
0.0145238874537310610346535946079625
0.0145838489740858231499265931748089
0.0146441261690903219319025847337882
0.0147047205537508094191872013895048
0.0147656336398662946432654149993777
0.0148268669356734408755429881424302
0.0148884219454814909440005514719613
0.0149503001692970070442881230306620
0.0150125031024382084323322343630002
0.0150750322351386873854125913622845
0.0151378890521402808626243169551391
0.0152010750322748723905366382723642
0.0152645916480348958530017648685921
0.0153284403651323100832469108530695
0.0153926226420458104498882059615853
0.0154571399295560410051573592249514
0.0155219936702685682328084757103550
0.0155871852981243750048401744801246
0.0156527162378976310409145061235762
0.0157185879046804939734206342952239
0.0157848017033546930664486893259967
0.0158513590280496457311648475808102
0.0159182612615868552366350143615992
0.0159855097749103364482600754397657
0.0160531059265028150507381438425313
0.0161210510617874445448302829454455
0.0161893465125147843640890092079292
0.0162579935961347817570178257688280
0.0163269936151534996408128711709917
0.0163963478564743324749404791691021
0.0164660575907234523475288341632193
0.0165361240715592279373160168681932
0.0166065485349653598323983070730415
0.0166773321985274768793056837551556
0.0167484762606929398284562798183262
0.0168199819000136005627579207459354
0.0168918502743712676745491744823316
0.0169640825201856321233682819613695
0.0170366797516044101961017533333939
0.0171096430596754650366121736081821
0.0171829735115006726506080619759958
0.0172566721493713035619408543039150
0.0173307399898846972394534288290168
0.0174051780230420130719417254916090
0.0174799872113268490880418998724760
0.0175551684887645278456897591416185
0.0176307227599618580025643632883417
0.0177066508991271900776788898971507
0.0177829537490705958809185915937388
0.0178596321201840130807344562865731
0.0179366867894012094624054131182809
0.0180141184991374356655988218888690
0.0180919279562086506491639973037410
0.0181701158307302208855926276667104
0.0182486827549950124135901060323320
0.0183276293223308144549399497156892
0.0184069560859370544157245346919910
0.0184866635577007868308094342309434
0.0185667522069919632677480986318869
0.0186472224594380164802102709195009
0.0187280746956778202950604992986940
0.0188093092500951169400276492585394
0.0188909264095315358848243347182184
0.0189729264119793628977777241459050
0.0190553094452542550388555185604155
0.0191380756456481368512007674090497
0.0192212250965625552164786121488682
0.0193047578271228153511294563783529
0.0193886738107732683950902215414303
0.0194729729638541721435497369537977
0.0195576551441606008658675799547852
0.0196427201494839380224788363884328
0.0197281677161365472179572715391415
0.0198139975174602821133239508801756
0.0199002091623195654698993270919900
0.0199868021935798412275234707450879
0.0200737760865722817596015399314721
0.0201611302475457154352352312857493
0.0202488640121068276055432140823630
0.0203369766436497813803729826201182
0.0204254673317765033491057873842232
0.0205143351907089840148193484964902
0.0206035792576950534585080713228926
0.0206931984914092099479687582154753
0.0207831917703502031884119619318698
0.0208735578912372050290994712878188
0.0209642955674065390594884500124014
0.0210554034272110870343047119069828
0.0211468800124246448629591813777099
0.0212387237766536644073426277636294
0.0213309330837589899960162314323346
0.0214235062062903808459375184299867
0.0215164413239368029708761034799111
0.0216097365219956771572756887892823
0.0217033897898644837361455087506631
0.0217973990195583507312379437396414
0.0218917620042574901029761278790109
0.0219864764368885978452081871083329
0.0220815399087445982671027611830729
0.0221769499081473915741348689466749
0.0222727038191585575497124774550558
0.0223687989203432774642240445733218
0.0224652323835930620662357644509171
0.0225620012730132164411354599224709
0.0226591025438813334918503480439357
0.0227565330416834876782190958460383
0.0228542895012352003592797366059454
0.0229523685458946685700679647655895
0.0230507666868761913278716651415792
0.0231494803226721926427404625093192
0.0232485057385927293897274585582504
0.0233478391064318862197831382324738
0.0234474764842709999258077811241355
0.0235474138164292233747933064661146
0.0236476469335725355541843675860130
0.0237481715529929308037147795177693
0.0238489832790701783134241726504719
0.0239500776039292339240420120832728
0.0240514499083071116885897470518778
0.0241530954626437841286495931670082
0.0242550094284124792958505671994979
0.0243571868597055813473726638067991
0.0244596227050932211526829626378193
0.0245623118097725663290142180275580
0.0246652489180267879920773314434876
0.0247684286760136964204485787979496
0.0248718456349051018611944184727102
0.0249754942543990720271751093566380
0.0250793689066284267145495753158679
0.0251834638804900347510956788158338
0.0252877733864207616107417779587307
0.0253922915616472600282443371793254
0.0254970124759382034462125653290598
0.0256019301378890358480550268877328
0.0257070385017708542981877292801301
0.0258123314749766552506518340631026
0.0259178029260998654296016995439742
0.0260234466936818459675997837864086
0.0261292565956669077574930823300541
0.0262352264396053099898608258960570
0.0263413500336467360836443400545471
0.0264476211983688552617503240070349
0.0265540337794877875834402406757174
0.0266605816614995991484772832002879
0.0267672587823043663833586252843260
0.0268740591488668678799341870101422
0.0269809768539705933785064958877563
0.0270880060941245064943344713682174
0.0271951411886848651285692344266141
0.0273023766002573957600769911851263
0.0274097069564482396897106608118082
0.0275171270730353456382680735549645
0.0276246319786353788469382262348898
0.0277322169409447570857758465435925
0.0278398774946371139600670701195834
0.0279476094710033349606080592414242
0.0280554090294243173002628102097429
0.0281632726907707763058767295141709
0.0282711973728287647008785388280623
0.0283791804278540923444272817774780
0.0284872196823635388238764282876730
0.0285953134792756457712579198189818
0.0287034607225189660348303749832057
0.0288116609242309391210011479915403
0.0289199142546760629540843090981728
0.0290282215950177473830104477821730
0.0291365845930841714644754196302795
0.0292450057222746308964762310610884
0.0293534883437592606332617213101377
0.0294620367721316572793684333433522
0.0295706563446808129452904547029170
0.0296793534944559134519680532470826
0.0297881358273049556687033263078003
0.0298970122030758078797380896778400
0.0300059928211762798391006549632030
0.0301150893106979919212911601361496
0.0302243148253173416912322363189426
0.0303336841431956672999894181040454
0.0304432137721098061327737613829248
0.0305529220600536495822003572147354
0.0306628293115610058446978154417888
0.0307729579100101069908016330304758
0.0308833324461804385138964597699169
0.0309939798533432328296341211544057
0.0311049295491779558370182363126897
0.0312162135848184299553215610555784
0.0313278668013438794246056879330114
0.0314399269940421544800048570826637
0.0315524350847846894720265430822665
0.0316654353028653739284298217683702
0.0317789753746684611827265118449473
0.0318931067225439009625268482976805
0.0320078846732820525893703763993873
0.0321233686765936041553195593943662
0.0322396225340146774411790393319012
0.0323567146386715225278917620067626
0.0324747182263538805487751738480966
0.0325937116383609942691048183166141
0.0327137785965993459265266639392744
0.0328350084914264664620900953465146
0.0329574966827505502910940905609146
0.0330813448149110785708807707234252
0.0332066611458811471262283836254250
0.0333335608913476494685158679236899
0.0334621665842408072298870599909965
0.0335926084502996848672467910521540
0.0337250248002751746860524727836050
0.0338595624393863793642313409326037
0.0339963770946602228384863329442363
0.0341356338607973384643131727044788
0.0342775076652196464017175095734377
0.0344221837529663469843312890174146
0.0345698581921151033694818912615177
0.0347207384004137149344949081817847
0.0348750436938143088848662460911007
0.0350330058576066799076616860838985
0.0351948697408495229304360593563076
0.0353608938747975217930124994013298
0.0355313511160181145119093202838123
0.0357065293148837336847269163889654
0.0358867320101128344284275511105488
0.0360722791500154175399033371280442
0.0362635078410753001512253438421725
0.0364607731244712626523185269416939
0.0366644487811014984356634149919220
0.0368749281656294997092306900129669
0.0370926250700135052597615143172083
0.0373179746169146718978015740354170
0.0375514341832998384853988636457868
0.0377934843544616193773394617113285
0.0380446299085699341088854343813187
0.0383054008317431361875964626109345
0.0385763533634816637097853226698681
0.0388580710721404418696532751856687
0.0391511659599257847750564812140539
0.0394562795966857472156591628586375
0.0397740842815170518474353276248077
0.0401052842309339580891677098007161
0.0404506167920316510362402751604422
0.0408108536787256336063955393359800
0.0411868022287557516552430826430187
0.0415793066787052615969928380063321
0.0419892494537980202256663842972206
0.0424175524686965895804649744013820
0.0428651784349268929524740468176933
0.0433331321698971021825379999784467
0.0438224619017557961280391749045380
0.0443342605635433382025135019929258
0.0448696670692273155965219615537230
0.0454298675632745122558882300538452
0.0460160966343954310602502931129328
0.0466296384830005882171201438520185
0.0472718280307291562592776528810945
0.0479440519591494252068297230958229
0.0486477496633874936319088939639232
0.0493844141050174416797723290674235
0.0501555925470464120019550783015330
0.0509628871522568208516562241849274
0.0518079554245327683569124888196316
0.0526925104711084835446808483234009
0.0536183210619459506624154148643560
0.0545872114606924194927597068384952
0.0556010609999054013574608694712018
0.0566618033714858011738139628320861
0.0577714256015558435611219710298273
0.0589319666773884916037734953655843
0.0601455157924746860464355800526805
0.0614142101744441428900446842406197
0.0627402324593795435450873934296570
0.0641258075751323274847313945871425
0.0655731990956150903627750531595776
0.0670847050277691949797810548282926
0.0686626529930488160042806259230172
0.0703093947658896226821210062961784
0.0720273001328093316694859061400117
0.0738187500375873479273777358396485
0.0756861289804604905920780262678857
0.0776318166425185632417337898659120
0.0796581787105509999351467892991305
0.0817675568825421952401163156777704
0.0839622580398887767589559564114063
0.0862445425792570452424960847297809
0.0886166119048401469698633019038065
0.0910805950906235592292546611859560
0.0936385347321169090031316777307996
0.0962923720178314405500684698599104
0.0990439310625231093083116786896983
0.101894902556802541399230103172112
0.104846826801027944978524674757092
0.107901076205308762750978097208054
0.111058837351789145655875465885016
0.114321092729953341210264687480436
0.117688602270272196980512068334292
0.121161884815835611938548098884694
0.124741199685409320242373373996369
0.128426528494314249134081774774073
0.132217557411335405258659444560203
0.136113660040197814002388017234181
0.140113881122670246176733050671531
0.144216921266750116296800570272172
0.148421122907336818465994805459784
0.152724457708032135423195169224253
0.157124515610965631270749793257354
0.161618495736624302248421502204762
0.166203199327416326019188950802151
0.170875024917026921836087291057396
0.175629965892506996170638501944090
0.180463610597523436457256534717597
0.185371145103422646219813382045647
0.190347358749924905584681391241614
0.195386652529664214993384551580838
0.200483050360780328333363210013998
0.205630213259791151086904470310001
0.210821456393521641435948338632100
0.216049768954489321431272540410639
0.221307836769436257233103878110578
0.226588067516269111896160949391437
0.231882618391150204102579216184344
0.237183426035496610043051837792275
0.242482238502794009795507244420566
0.247770649017983926185953060443998
0.253040131258253102647258107371096
0.258282075863793628908073387611271
0.263487827870887840136562346029842
0.268648724747793619095969796411486
0.273756134706562184350590991044452
0.278801494961214353183444201371346
0.283776349604637893225099701134150
0.288672386783057377465243518994852
0.293481474857786778155879384159228
0.298195697258936773744623202984861
0.302807385754470177254818523535561
0.307309151880071308335639451335113
0.311693916300256324415746460271484
0.315954935898498765626947336392419
0.320085828423348025287643433476269
0.324080594548034692297294247713646
0.327933637232341779777667127445831
0.331639778307042666490345778223264
0.335194272232456183361709660341849
0.338592817013170810957136942756222
0.341831562280309045009358888731718
0.344907114580453509188826581112617
0.347816539936205483440418173845613
0.350557363767017864826512085936992
0.353127568280220056712272478580740
0.355525587460871996751545375707386
0.357750299805145459590776782024076
0.359801018955284139925616082764631
0.361677482404841665051409273293304
0.363379838450886522833260483157991
0.364908631575283790176846773832830
0.366264786440139757780516067274091
0.367449590683180893666327220757432
0.368464676697410608150826982772766
0.369312002576041464631475392476230
0.369993832398644735458920994026389
0.370512716027908684456064266164646
0.370871468578569316301236198041565
0.371073149711188460236647524955791
0.371121042893714372691275196560652
0.371018634763371344585719732569447
0.370769594710577655770594921506298
0.370377754795462932269734097569066
0.369847090096309037035149210643915
0.369181699578019732863069166577854
0.368385787557663739364662908016647
0.367463645833347079561232004500017
0.366419636532250910137915296718338
0.365258175723701445916258534664437
0.363983717833684857538750915269087
0.362600740888333390420467407134819
0.361113732605627206935090847534801
0.359527177346905036592181669945540
0.357845543932769924076662714125200
0.356073274321618556398115247795760
0.354214773143309485801780626830513
0.352274398075405197138720345378308
0.350256451044957203118487234910949
0.348165170234928747933053242614534
0.346004722871038602162030974681567
0.343779198762030916714197246051099
0.341492604564096848102970034642519
0.339148858738358727874135954471761
0.336751787168941051696366592010507
0.334305119408158308959754355324055
0.331812485514711657148510841210045
0.329277413450469298268894736213457
0.326703327001374771231708971305384
0.324093544188250168175981759265088
0.321451276133705982229374485437401
0.318779626352006078426597257437204
0.316081590429537165542126428065205
0.313360056064471071047669297898027
0.310617803435260983242183763960869
0.307857505868757494650672338857740
0.305081730779946583123083699481903
0.302292940856581337076407318709840
0.299493495463285854855271558914466
0.296685652241038685713343389999554
0.293871568879281479296041452779689
0.291053305039234811422798372237325
0.288232824408327586816342496487677
0.285411996866950500944901889374164
0.282592600750020570823183357068486
0.279776325187086691555984860075543
0.276964772505910586974732228038242
0.274159460685619416160200908894463
0.271361825846642565506175654960267
0.268573224765713473992483694412343
0.265794937405236079293970324036349
0.263028169447283620271694497687064
0.260274054823414611177646938813719
0.257533658232356805585288574197071
0.254807977638425286600710341529777
0.252097946744306189501650049577028
0.249404437432554006624147110624639
0.246728262170819203693689958411473
0.244070176376445447750431695735021
0.241430880736653719756762787341959
0.238811023481065689504861465441863
0.236211202603812784090393183152786
0.233631968032932261951077761591181
0.231073823745169226689681555579325
0.228537229824685808661846516678400
0.226022604464527635443141334227888
0.223530325910015115203247319669420
0.221060734343514849882332691592846
0.218614133710306517181744713433641
0.216190793485494601454277649019031
0.213790950382124146732373898126379
0.211414810000846921438640813402355
0.209062548421650628676346454168441
0.206734313738310604159923027088422
0.204430227536352280513244641523454
0.202150386315424954415939410767930
0.199894862857084392082013909594919
0.197663707539064796911095921046055
0.195456949597190817781247984848965
0.193274598336138704429691408281102
0.191116644290303456628907060370054
0.188983060336066839203959012470206
0.186873802756790354237309689300417
0.184788812261878522456480357567198
0.182728014961271916226238976818464
0.180691323296737038869053965661156
0.178678636931322037663544254886336
0.176689843598343998319496445543728
0.174724819911265776245464244624515
0.172783432135808508173060663847358
0.170865536925630607383778659607996
0.168970982022885627208431295269399
0.167099606924950293044298685485439
0.165251243518590629780698158447840
0.163425716682808792995677048186927
0.161622844861586261407046078653697
0.159842440607710748852149842901852
0.158084311098844803788789106551016
0.156348258626963815378534842618252
0.154634081062260247058421003498186
0.152941572292579559287783893424346
0.151270522639421631404844877364935
0.149620719251509698684532815526868
0.147991946476897018554958650807883
0.146383986214549788019450404626115
0.144796618246313357143040521394370
0.143229620550137612666236520164355
0.141682769595406621351126776955989
0.140155840621187293798629611047791
0.138648607898182015718727016376418
0.137160844975140945658842069278069
0.135692324910461038647086950315947
0.134242820489670859474092231926703
0.132812104429472926250243390837231
0.131399949568988697358583527762136
0.130006129048825400593889622585175
0.128630416478558714995295029663351
0.127272586093200862252665429530987
0.125932412899199950419110299985999
0.124609672810493439456440671200509
0.123304142775116364368794152158970
0.122015600892843453218158251126903
0.120743826524323507748942156149143
0.119488600392144365265884607913158
0.118249704674247421671720915348807
0.117026923090092055555572720188737
0.115820040979952339044249590802804
0.114628845377711138837329142312141
0.113453125077500085610418846844020
0.112292670694517906235691230118721
0.111147274720344254905599765597249
0.110016731573051429680979745234869
0.108900837642402203317109453184434
0.107799391330408414325774595298056
0.106712193087511938852004935376805
0.105639045444637178776071939970301
0.104579753041352239213150348253178
0.103534122650364512080430210522403
0.102501963198565414582793798347662
0.101483085784828535472891944936578
0.100477303694755401141888324968800
0.0994844324125534716343324691614674
0.0985042896302217974948128791129763
0.0975366952542109962102876135896184
0.0965814714097158265214200795053508
0.0956384424427506350133936371796421
0.0947074349201503075132855887044113
0.0937882776276320636567742534935980
0.0928808015660464726770940411723942
0.0919848399459394285502004734916385
0.0911002281805404900427567616810147
0.0902268038772869532999258741567328
0.0893644068279872691290495562721117
0.0885128789977219322369499241506917
0.0876720645125747439160867396101972
0.0868418096462823719963669719765230
0.0860219628058853916226844359316311
0.0852123745164594773039945969247781
0.0844128974050011208046393797352400
0.0836233861835381612778033846625442
0.0828436976315315243996519313295079
0.0820736905776308673277190733858508
0.0813132258808433075980360888886192
0.0805621664111710684454466641385111
0.0798203770297706926579290420782882
0.0790877245686834544507418004437063
0.0783640778101837267673457577569528
0.0776493074657893329746313741433033
0.0769432861549753204995741249848184
0.0762458883836301332094406535908916
0.0755569905222908231919087770252473
0.0748764707841917252269555301680116
0.0742042092031589130901682607169434
0.0735400876113807605583738626508354
0.0728839896170830365055528392424448
0.0722358005821351679049383455972660
0.0715954075996126022312338928809292
0.0709626994713385872302366796766505
0.0703375666854271570350121985605915
0.0697199013938476650914824028921286
0.0691095973900298324278050728343802
0.0685065500865269807524093000051885
0.0679106564927538901542854118733967
0.0673218151928145574265755010435540
0.0667399263234340300156525669878194
0.0661648915520074492357425414569430
0.0655966140547784517485754449426025
0.0650349984951581475891793783328286
0.0644799510021950135533641665191547
0.0639313791492052100046733430958900
0.0633891919325720446825988393614226
0.0628532997507225665874402788890697
0.0623236143832885742769497503407441
0.0618000489704586638364454309891348
0.0612825179925273203774166019233388
0.0607709372496464712747634899197386
0.0602652238417843676554229539785408
0.0597652961488961411735700022362933
0.0592710738113098942049262579630762
0.0587824777103317216989942298677518
0.0582994299490726305526921848804379
0.0578218538334999160932415346039240
0.0573496738537151737322409500689844
0.0568828156654607657921040672461271
0.0564212060718562276883423462570076
0.0559647730053657829139954823007441
0.0555134455099978415100865641449887
0.0550671537237370808666816990685010
0.0546258288612094497829421459470965
0.0541894031965801957706335668182171
0.0537578100466847907099359922924735
0.0533309837543924202997757742462028
0.0529088596722015074705248229510260
0.0524913741460665582685659671635655
0.0520784644994554499423001540567159
0.0516700690176361243568382373067395
0.0512661269321915047740630314990137
0.0508665784057613198234968151293449
0.0504713645170093945567438271550216
0.0500804272458148542536984991896796
0.0496937094586855815904901999567333
0.0493111548943921713729297214281182
0.0489327081498205387967486096965470
0.0485583146660412566536974867107917
0.0481879207145936236207103184852292
0.0478214733839823993304178886572894
0.0474589205663850819292363583703698
0.0471002109445675499083169143779502
0.0467452939790058417863999108267301
0.0463941198952118043940350202861719
0.0460466396712603027351545001162849
0.0457028050255156513806922328625770
0.0453625684045548987917079684152687
0.0450258829712855716032161214452389
0.0446927025932554654658331679591816
0.0443629818311520522952327616833895
0.0440366759274890604869308720060963
0.0437137407954777745960846006317030
0.0433941330080805939504112280113182
0.0430778097872443854617353304575135
0.0427647289933111643412999402814572
0.0424548491146036373290874157607968
0.0421481292571831462507479782540197
0.0418445291347775550591202998471906
0.0415440090588766308511183513142012
0.0412465299289924785334680950135299
0.0409520532230825997086596244263599
0.0406605409881331588391350291370403
0.0403719558309000537037354940849057
0.0400862609088054024729817169467002
0.0398034199209870762923455769069356
0.0395233970994989239747418115780016
0.0392461572006593541701439731718163
0.0389716654965459601120019888395676
0.0386998877666338926526024964909743
0.0384307902895757087131001765265441
0.0381643398351204444136817055198521
0.0379005036561696849445814220402678
0.0376392494809684266229570037244702
0.0373805455054285504913785862290301
0.0371243603855827511920235242450299
0.0368706632301667896412597316747418
0.0366194235933279631801388082799877
0.0363706114674577123385644738278158
0.0361241972761463090787079958943041
0.0358801518672575973336060001695201
0.0356384465061217827894832656237307
0.0353990528688442951374279493309372
0.0351619430357287724062563646537358
0.0349270894848122434506709361898175
0.0346944650855106111762331383867555
0.0344640430923725656063850380632211
0.0342357971389400824098375425164350
0.0340097012317136889840122661511301
0.0337857297442207066085221382377062
0.0335638574111847035201877372092683
0.0333440593227944199976458243263303
0.0331263109190704526605123994300867
0.0329105879843280111679976652830937
0.0326968666417340863288249637420332
0.0324851233479573942935053039967311
0.0322753348879094869778546919126532
0.0320674783695754441506046560522061
0.0318615312189325876965770016701444
0.0316574711749556834296810936618770
0.0314552762847071204673784591335009
0.0312549248985105825815481363696896
0.0310563956652067501019999148467114
0.0308596675274895948611166180413556
0.0306647197173218543248830862174727
0.0304715317514282944511848046069264
0.0302800834268653939456828551689591
0.0300903548166661054443485058856085
0.0299023262655583717359929775597397
0.0297159783857560974445120048353563
0.0295312920528212986162377313647482
0.0293482484015961744003788684339737
0.0291668288222038664681006753342991
0.0289870149561166929868282040265290
0.0288087886922906648497142178568697
0.0286321321633651124551228605855566
0.0284570277419262716370042360382553
0.0282834580368336973640509632517679
0.0281114058896083935537063733514394
0.0279408543708815667868795960100936
0.0277717867769029308613140571895043
0.0276041866261075079868880706574945
0.0274380376557398910058539657152780
0.0272733238185349493165037482417881
0.0271100292794539791915311703220117
0.0269481384124753169141628362334013
0.0267876357974384506078356578105164
0.0266285062169406838108333975427822
0.0264707346532854207480257183834959
0.0263143062854811598799679579476401
0.0261592064862902986675212576904366
0.0260054208193268685803467329651617
0.0258529350362023352027141079176347
0.0257017350737186138527297442168319
0.0255518070511074664340929475456146
0.0254031372673154602856631730302501
0.0252557121983336845863557736411739
0.0251095184945714344141258853902937
0.0249645429782730868510420893146384
0.0248207726409774075747281210372711
0.0246781946410185401828320917320063
0.0245367963010679440647684368652230
0.0243965651057165599668930093682622
0.0242574886990964954966613552825068
0.0241195548825415356813448110064830
0.0239827516122857963407105755525730
0.0238470669971998504538897109759740
0.0237124892965636699016442438966952
0.0235790069178757369495846466520717
0.0234466084146976916087625667903805
0.0233152824845338925706455012714398
0.0231850179667452807669363133671236
0.0230558038404969457541860118719949
0.0229276292227388060718044212331950
0.0228004833662188254730258438691166
0.0226743556575281974847432909319774
0.0225492356151779411169733464031947
0.0224251128877063607191207739961531
0.0223019772518168329712210482407594
0.0221798186105453938069690207251487
0.0220586269914576076945859635721556
0.0219383925448742111544011937700287
0.0218191055421250316713660703743012
0.0217007563738306922694858223205990
0.0215833355482116209562266969232835
0.0214668336894238930211796233976910
0.0213512415359214427874525474968075
0.0212365499388441898692050244702688
0.0211227498604316332871808192373163
0.0210098323724614749387539607797093
0.0208977886547128419125638460813142
0.0207866099934536849829242361571498
0.0206762877799519383184634032327157
0.0205668135090100329954675089445531
0.0204581787775223643217007134925949
0.0203503752830553202535725344537632
0.0202433948224494853308892859750734
0.0201372292904436415615003573566886
0.0200318706783201945653345598349298
0.0199273110725716600359843201338472
0.0198235426535878522004683266869714
0.0197205576943634224563832745191941
0.0196183485592254027426043889544153
0.0195169077025804144572392006720957
0.0194162276676812098768715046293512
0.0193163010854122190564098044640764
0.0192171206730937811011996045754223
0.0191186792333047445045602168333656
0.0190209696527231269366188691081040
0.0189239849009845304562586941171683
0.0188277180295580135991600608943190
0.0187321621706391271732509708839696
0.0186373105360598258703133309930562
0.0185431564162149729809067843876639
0.0184496931790051605810271989929968
0.0183569142687955725448378233737787
0.0182648132053906226301909779773616
0.0181733835830241046842592916856478
0.0180826190693645967271494971351506
0.0179925134045358652935798559413445
0.0179030604001520209482355813725808
0.0178142539383671803409167194964843
0.0177260879709393945346721581687651
0.0176385565183086076253552226425592
0.0175516536686884138759956931702936
0.0174653735771713857155869833896689
0.0173797104648477490008349167719545
0.0172946586179371859125780248929796
0.0172102123869335497574136799974894
0.0171263661857622797709682975109903
0.0170431144909503077736258484595081
0.0169604518408082522137438639357456
0.0168783728346246987487815552911668
0.0167968721318723700626572741334868
0.0167159444514259910993344445449588
0.0166355845707916593093743444743134
0.0165557873253475328592349888251937
0.0164765476075956530436588196671061
0.0163978603664247203707759192109755
0.0163197206063836469587294216881484
0.0162421233869657109928588932260752
0.0161650638219031420448870185726481
0.0160885370784719690512548561439808
0.0160125383768069656878299721126487
0.0159370629892265307637379738586125
0.0158621062395673440890889852901330
0.0157876635025286410509140665699005
0.0157137302030259518597004275271755
0.0156403018155541541065071364621729
0.0155673738635596898987245155149979
0.0154949419188218014220615221199276
0.0154230016008426413082388094171576
0.0153515485762461166730455167127341
0.0152805785581853281287821828645371
0.0152100873057584674695401790534949
0.0151400706234330400781223767807879
0.0150705243604782804105363437049166
0.0150014444104056311787197306131958
0.0149328267104171590753011117170562
0.0148646672408617820665559980554164
0.0147969620246991854220691806639475
0.0147297071269713057527278764353468
0.0146628986542812643932973098926242
0.0145965327542796334927086781194849
0.0145306056151579201650418447055627
0.0144651134651491560077204155109161
0.0144000525720354812113500482714437
0.0143354192426626143686033466536671
0.0142712098224611009382545762225474
0.0142074206949742351355497399522506
0.0141440482813925518022044756566597
0.0140810890400947865590834303993121
0.0140185394661952042626475446748764
0.0139563960910971974731652703336613
0.0138946554820530582990635239484619
0.0138333142417298286082258887623210
0.0137723690077811351940995700696365
0.0137118164524249180527080481994163
0.0136516532820269614666314657179958
0.0135918762366901391042489883365604
0.0135324820898492858275636110642276
0.0134734676478716103602667285767145
0.0134148297496625643998537073809699
0.0133565652662770851640692110913742
0.0132986711005361297432289259529194
0.0132411441866484209865098529197309
0.0131839814898373259825923584580010
0.0131271800059727895035324184633926
0.0130707367612082460658916651121626
0.0130146488116224355253968565797518
0.0129589132428660483611714945876748
0.0129035271698131280233043044956521
0.0128484877362171589136076541541994
0.0127937921143717697442810696100296
0.0127394375047759831732301795691422
0.0126854211358039437483912389627899
0.0126317402633790573069597340433995
0.0125783921706524760692948347009019
0.0125253741676858647418386494738122
0.0124726835911383839990121545623662
0.0124203178039578287510830373072313
0.0123682741950758596237923128667273
0.0123165501791072670764174425454376
0.0122651431960532085682741476229392
0.0122140507110083601497449924126670
0.0121632702138719248030915281395695
0.0121127992190624407908735007814446
0.0120626352652363341860723442601212
0.0120127759150101606582998981265778
0.0119632187546864824750640989932099
0.0119139613939833275462526080489871
0.0118650014657671781940685969126869
0.0118163366257894381698903111056495
0.0117679645524263272642022121536406
0.0117198829464221536661297793913868
0.0116720895306359150254665171657105
0.0116245820497911799526693255510454
0.0115773582702292024613710954980421
0.0115304159796652226137662047791897
0.0114837529869479073720097193665649
0.0114373671218218863887740204347720
0.0113912562346933381875621231445591
0.0113454181963985828885154340039396
0.0112998508979756383285009649952525
0.0112545522504386971054405814847799
0.0112095201845554827463699315288877
0.0111647526506274438568003238148309
0.0111202476182727457558119238687309
0.0110760030762120197371361354323570
0.0110320170320568307214898967435950
0.0109882875121008246798019577306934
0.0109448125611135178109143359296148
0.0109015902421366900510406880022393
0.0108586186362833460759032554118028
0.0108158958425392075302337584743976
0.0107734199775667007833900410281256
0.0107311891755114050643849032569071
0.0106892015878109263748185423463917
0.0106474553830061631142202006107110
0.0106059487465549298793036262804529
0.0105646798806479064167872519114253
0.0105236470040268792188829616098629
0.0104828483518052437514732883349937
0.0104422821752907357975292191524176
0.0104019467418103608826199365653169
0.0103618403345374912255793772362259
0.0103219612523211001256672336658510
0.0102823078095171041580360021951006
0.0102428783358217840021302432317801
0.0102036711761072551729360800415359
0.0101646846902589603629022481119527
0.0101259172530151555330003106124362
0.0100873672538083623149100848138678
0.0100490330966087597028335519221985
0.0100109131997694884230808335494408
0.00997300599587384177245715652832045
0.00993530993158431711272974425004020
0.00989782346749350259818566838921059
0.00986054507797677409662106622491737
0.00982347325104677764114181083375928
0.00978660648820967312101663039801935
0.00974994330432311528461464767694486
0.00971348222745594848628715382358245
0.00967722179874959196202294821016420
0.00964116057228109276592061645076544
0.00960529711492782384108061212708268
0.00956963000623380503452400221181639
0.00953415783827762519629043568331062
0.00949887921554194382805069471169356
0.00946379275478455106648271033379212
0.00942889708491096510139605350320721
0.00939419084684854643823882703499056
0.00935967269342210871927109218841080
0.00932534128923100611742733464118642
0.00929119531052767761180227078095235
0.00925723344509762874386320340209509
0.00922345439214083173900029796403514
0.00918985686215452515895419356286367
0.00915643957681739452708742823362371
0.00912320126887511564046993101568421
0.00909014068202724255040556983532445
0.00905725657081542245641130038980878
0.00902454770051292001784631891433256
0.00899201284701543384244791595739782
0.00895965079673318816203427301371988
0.00892746034648428295265175745787976
0.00889544030338928599954360153056523
0.00886358948476705064656519994056861
0.00883190671803174320513440769165641
0.00880039084059106422954774621733157
0.00876904069974564809357873750889079
0.00873785515258962552776493544431963
0.00870683306591233399774673298045935
0.00867597331610116102150370618084522
0.00864527478904550573740203630174713
0.00861473638004184424567728742530331
0.00858435699369988445338732088998431
0.00855413554384979635703618391023464
0.00852407095345050389804619619514052
0.00849416215449902472409596519038511
0.00846440808794084438409950895233206
