-4.50000000000000000000000000000000
-4.48798798798798798798798798798799
-4.47597597597597597597597597597598
-4.46396396396396396396396396396396
-4.45195195195195195195195195195195
-4.43993993993993993993993993993994
-4.42792792792792792792792792792793
-4.41591591591591591591591591591592
-4.40390390390390390390390390390390
-4.39189189189189189189189189189189
-4.37987987987987987987987987987988
-4.36786786786786786786786786786787
-4.35585585585585585585585585585586
-4.34384384384384384384384384384384
-4.33183183183183183183183183183183
-4.31981981981981981981981981981982
-4.30780780780780780780780780780781
-4.29579579579579579579579579579580
-4.28378378378378378378378378378378
-4.27177177177177177177177177177177
-4.25975975975975975975975975975976
-4.24774774774774774774774774774775
-4.23573573573573573573573573573574
-4.22372372372372372372372372372372
-4.21171171171171171171171171171171
-4.19969969969969969969969969969970
-4.18768768768768768768768768768769
-4.17567567567567567567567567567568
-4.16366366366366366366366366366366
-4.15165165165165165165165165165165
-4.13963963963963963963963963963964
-4.12762762762762762762762762762763
-4.11561561561561561561561561561562
-4.10360360360360360360360360360360
-4.09159159159159159159159159159159
-4.07957957957957957957957957957958
-4.06756756756756756756756756756757
-4.05555555555555555555555555555556
-4.04354354354354354354354354354354
-4.03153153153153153153153153153153
-4.01951951951951951951951951951952
-4.00750750750750750750750750750751
-3.99549549549549549549549549549550
-3.98348348348348348348348348348348
-3.97147147147147147147147147147147
-3.95945945945945945945945945945946
-3.94744744744744744744744744744745
-3.93543543543543543543543543543544
-3.92342342342342342342342342342342
-3.91141141141141141141141141141141
-3.89939939939939939939939939939940
-3.88738738738738738738738738738739
-3.87537537537537537537537537537538
-3.86336336336336336336336336336336
-3.85135135135135135135135135135135
-3.83933933933933933933933933933934
-3.82732732732732732732732732732733
-3.81531531531531531531531531531532
-3.80330330330330330330330330330330
-3.79129129129129129129129129129129
-3.77927927927927927927927927927928
-3.76726726726726726726726726726727
-3.75525525525525525525525525525526
-3.74324324324324324324324324324324
-3.73123123123123123123123123123123
-3.71921921921921921921921921921922
-3.70720720720720720720720720720721
-3.69519519519519519519519519519520
-3.68318318318318318318318318318318
-3.67117117117117117117117117117117
-3.65915915915915915915915915915916
-3.64714714714714714714714714714715
-3.63513513513513513513513513513514
-3.62312312312312312312312312312312
-3.61111111111111111111111111111111
-3.59909909909909909909909909909910
-3.58708708708708708708708708708709
-3.57507507507507507507507507507508
-3.56306306306306306306306306306306
-3.55105105105105105105105105105105
-3.53903903903903903903903903903904
-3.52702702702702702702702702702703
-3.51501501501501501501501501501501
-3.50300300300300300300300300300300
-3.49099099099099099099099099099099
-3.47897897897897897897897897897898
-3.46696696696696696696696696696697
-3.45495495495495495495495495495496
-3.44294294294294294294294294294294
-3.43093093093093093093093093093093
-3.41891891891891891891891891891892
-3.40690690690690690690690690690691
-3.39489489489489489489489489489489
-3.38288288288288288288288288288288
-3.37087087087087087087087087087087
-3.35885885885885885885885885885886
-3.34684684684684684684684684684685
-3.33483483483483483483483483483483
-3.32282282282282282282282282282282
-3.31081081081081081081081081081081
-3.29879879879879879879879879879880
-3.28678678678678678678678678678679
-3.27477477477477477477477477477477
-3.26276276276276276276276276276276
-3.25075075075075075075075075075075
-3.23873873873873873873873873873874
-3.22672672672672672672672672672673
-3.21471471471471471471471471471471
-3.20270270270270270270270270270270
-3.19069069069069069069069069069069
-3.17867867867867867867867867867868
-3.16666666666666666666666666666667
-3.15465465465465465465465465465465
-3.14264264264264264264264264264264
-3.13063063063063063063063063063063
-3.11861861861861861861861861861862
-3.10660660660660660660660660660661
-3.09459459459459459459459459459459
-3.08258258258258258258258258258258
-3.07057057057057057057057057057057
-3.05855855855855855855855855855856
-3.04654654654654654654654654654655
-3.03453453453453453453453453453453
-3.02252252252252252252252252252252
-3.01051051051051051051051051051051
-2.99849849849849849849849849849850
-2.98648648648648648648648648648649
-2.97447447447447447447447447447447
-2.96246246246246246246246246246246
-2.95045045045045045045045045045045
-2.93843843843843843843843843843844
-2.92642642642642642642642642642643
-2.91441441441441441441441441441441
-2.90240240240240240240240240240240
-2.89039039039039039039039039039039
-2.87837837837837837837837837837838
-2.86636636636636636636636636636637
-2.85435435435435435435435435435435
-2.84234234234234234234234234234234
-2.83033033033033033033033033033033
-2.81831831831831831831831831831832
-2.80630630630630630630630630630631
-2.79429429429429429429429429429429
-2.78228228228228228228228228228228
-2.77027027027027027027027027027027
-2.75825825825825825825825825825826
-2.74624624624624624624624624624625
-2.73423423423423423423423423423423
-2.72222222222222222222222222222222
-2.71021021021021021021021021021021
-2.69819819819819819819819819819820
-2.68618618618618618618618618618619
-2.67417417417417417417417417417417
-2.66216216216216216216216216216216
-2.65015015015015015015015015015015
-2.63813813813813813813813813813814
-2.62612612612612612612612612612613
-2.61411411411411411411411411411411
-2.60210210210210210210210210210210
-2.59009009009009009009009009009009
-2.57807807807807807807807807807808
-2.56606606606606606606606606606607
-2.55405405405405405405405405405405
-2.54204204204204204204204204204204
-2.53003003003003003003003003003003
-2.51801801801801801801801801801802
-2.50600600600600600600600600600601
-2.49399399399399399399399399399399
-2.48198198198198198198198198198198
-2.46996996996996996996996996996997
-2.45795795795795795795795795795796
-2.44594594594594594594594594594595
-2.43393393393393393393393393393393
-2.42192192192192192192192192192192
-2.40990990990990990990990990990991
-2.39789789789789789789789789789790
-2.38588588588588588588588588588589
-2.37387387387387387387387387387387
-2.36186186186186186186186186186186
-2.34984984984984984984984984984985
-2.33783783783783783783783783783784
-2.32582582582582582582582582582583
-2.31381381381381381381381381381381
-2.30180180180180180180180180180180
-2.28978978978978978978978978978979
-2.27777777777777777777777777777778
-2.26576576576576576576576576576577
-2.25375375375375375375375375375375
-2.24174174174174174174174174174174
-2.22972972972972972972972972972973
-2.21771771771771771771771771771772
-2.20570570570570570570570570570571
-2.19369369369369369369369369369369
-2.18168168168168168168168168168168
-2.16966966966966966966966966966967
-2.15765765765765765765765765765766
-2.14564564564564564564564564564565
-2.13363363363363363363363363363363
-2.12162162162162162162162162162162
-2.10960960960960960960960960960961
-2.09759759759759759759759759759760
-2.08558558558558558558558558558559
-2.07357357357357357357357357357357
-2.06156156156156156156156156156156
-2.04954954954954954954954954954955
-2.03753753753753753753753753753754
-2.02552552552552552552552552552553
-2.01351351351351351351351351351351
-2.00150150150150150150150150150150
-1.98948948948948948948948948948949
-1.97747747747747747747747747747748
-1.96546546546546546546546546546547
-1.95345345345345345345345345345345
-1.94144144144144144144144144144144
-1.92942942942942942942942942942943
-1.91741741741741741741741741741742
-1.90540540540540540540540540540541
-1.89339339339339339339339339339339
-1.88138138138138138138138138138138
-1.86936936936936936936936936936937
-1.85735735735735735735735735735736
-1.84534534534534534534534534534535
-1.83333333333333333333333333333333
-1.82132132132132132132132132132132
-1.80930930930930930930930930930931
-1.79729729729729729729729729729730
-1.78528528528528528528528528528529
-1.77327327327327327327327327327327
-1.76126126126126126126126126126126
-1.74924924924924924924924924924925
-1.73723723723723723723723723723724
-1.72522522522522522522522522522523
-1.71321321321321321321321321321321
-1.70120120120120120120120120120120
-1.68918918918918918918918918918919
-1.67717717717717717717717717717718
-1.66516516516516516516516516516517
-1.65315315315315315315315315315315
-1.64114114114114114114114114114114
-1.62912912912912912912912912912913
-1.61711711711711711711711711711712
-1.60510510510510510510510510510511
-1.59309309309309309309309309309309
-1.58108108108108108108108108108108
-1.56906906906906906906906906906907
-1.55705705705705705705705705705706
-1.54504504504504504504504504504505
-1.53303303303303303303303303303303
-1.52102102102102102102102102102102
-1.50900900900900900900900900900901
-1.49699699699699699699699699699700
-1.48498498498498498498498498498499
-1.47297297297297297297297297297297
-1.46096096096096096096096096096096
-1.44894894894894894894894894894895
-1.43693693693693693693693693693694
-1.42492492492492492492492492492492
-1.41291291291291291291291291291291
-1.40090090090090090090090090090090
-1.38888888888888888888888888888889
-1.37687687687687687687687687687688
-1.36486486486486486486486486486486
-1.35285285285285285285285285285285
-1.34084084084084084084084084084084
-1.32882882882882882882882882882883
-1.31681681681681681681681681681682
-1.30480480480480480480480480480480
-1.29279279279279279279279279279279
-1.28078078078078078078078078078078
-1.26876876876876876876876876876877
-1.25675675675675675675675675675676
-1.24474474474474474474474474474474
-1.23273273273273273273273273273273
-1.22072072072072072072072072072072
-1.20870870870870870870870870870871
-1.19669669669669669669669669669670
-1.18468468468468468468468468468468
-1.17267267267267267267267267267267
-1.16066066066066066066066066066066
-1.14864864864864864864864864864865
-1.13663663663663663663663663663664
-1.12462462462462462462462462462462
-1.11261261261261261261261261261261
-1.10060060060060060060060060060060
-1.08858858858858858858858858858859
-1.07657657657657657657657657657658
-1.06456456456456456456456456456456
-1.05255255255255255255255255255255
-1.04054054054054054054054054054054
-1.02852852852852852852852852852853
-1.01651651651651651651651651651652
-1.00450450450450450450450450450450
-0.992492492492492492492492492492493
-0.980480480480480480480480480480480
-0.968468468468468468468468468468468
-0.956456456456456456456456456456456
-0.944444444444444444444444444444444
-0.932432432432432432432432432432432
-0.920420420420420420420420420420420
-0.908408408408408408408408408408408
-0.896396396396396396396396396396396
-0.884384384384384384384384384384384
-0.872372372372372372372372372372372
-0.860360360360360360360360360360360
-0.848348348348348348348348348348348
-0.836336336336336336336336336336336
-0.824324324324324324324324324324324
-0.812312312312312312312312312312312
-0.800300300300300300300300300300300
-0.788288288288288288288288288288288
-0.776276276276276276276276276276276
-0.764264264264264264264264264264264
-0.752252252252252252252252252252252
-0.740240240240240240240240240240240
-0.728228228228228228228228228228228
-0.716216216216216216216216216216216
-0.704204204204204204204204204204204
-0.692192192192192192192192192192192
-0.680180180180180180180180180180180
-0.668168168168168168168168168168168
-0.656156156156156156156156156156156
-0.644144144144144144144144144144144
-0.632132132132132132132132132132132
-0.620120120120120120120120120120120
-0.608108108108108108108108108108108
-0.596096096096096096096096096096096
-0.584084084084084084084084084084084
-0.572072072072072072072072072072072
-0.560060060060060060060060060060060
-0.548048048048048048048048048048048
-0.536036036036036036036036036036036
-0.524024024024024024024024024024024
-0.512012012012012012012012012012012
-0.500000000000000000000000000000000
-0.487987987987987987987987987987988
-0.475975975975975975975975975975976
-0.463963963963963963963963963963964
-0.451951951951951951951951951951952
-0.439939939939939939939939939939940
-0.427927927927927927927927927927928
-0.415915915915915915915915915915916
-0.403903903903903903903903903903904
-0.391891891891891891891891891891892
-0.379879879879879879879879879879880
-0.367867867867867867867867867867868
-0.355855855855855855855855855855856
-0.343843843843843843843843843843844
-0.331831831831831831831831831831832
-0.319819819819819819819819819819820
-0.307807807807807807807807807807808
-0.295795795795795795795795795795796
-0.283783783783783783783783783783784
-0.271771771771771771771771771771772
-0.259759759759759759759759759759760
-0.247747747747747747747747747747748
-0.235735735735735735735735735735736
-0.223723723723723723723723723723724
-0.211711711711711711711711711711712
-0.199699699699699699699699699699700
-0.187687687687687687687687687687688
-0.175675675675675675675675675675676
-0.163663663663663663663663663663664
-0.151651651651651651651651651651652
-0.139639639639639639639639639639640
-0.127627627627627627627627627627628
-0.115615615615615615615615615615616
-0.103603603603603603603603603603604
-0.0915915915915915915915915915915916
-0.0795795795795795795795795795795796
-0.0675675675675675675675675675675676
-0.0555555555555555555555555555555556
-0.0435435435435435435435435435435435
-0.0315315315315315315315315315315315
-0.0195195195195195195195195195195195
-0.00750750750750750750750750750750751
0.00450450450450450450450450450450450
0.0165165165165165165165165165165165
0.0285285285285285285285285285285285
0.0405405405405405405405405405405405
0.0525525525525525525525525525525526
0.0645645645645645645645645645645646
0.0765765765765765765765765765765766
0.0885885885885885885885885885885886
0.100600600600600600600600600600601
0.112612612612612612612612612612613
0.124624624624624624624624624624625
0.136636636636636636636636636636637
0.148648648648648648648648648648649
0.160660660660660660660660660660661
0.172672672672672672672672672672673
0.184684684684684684684684684684685
0.196696696696696696696696696696697
0.208708708708708708708708708708709
0.220720720720720720720720720720721
0.232732732732732732732732732732733
0.244744744744744744744744744744745
0.256756756756756756756756756756757
0.268768768768768768768768768768769
0.280780780780780780780780780780781
0.292792792792792792792792792792793
0.304804804804804804804804804804805
0.316816816816816816816816816816817
0.328828828828828828828828828828829
0.340840840840840840840840840840841
0.352852852852852852852852852852853
0.364864864864864864864864864864865
0.376876876876876876876876876876877
0.388888888888888888888888888888889
0.400900900900900900900900900900901
0.412912912912912912912912912912913
0.424924924924924924924924924924925
0.436936936936936936936936936936937
0.448948948948948948948948948948949
0.460960960960960960960960960960961
0.472972972972972972972972972972973
0.484984984984984984984984984984985
0.496996996996996996996996996996997
0.509009009009009009009009009009009
0.521021021021021021021021021021021
0.533033033033033033033033033033033
0.545045045045045045045045045045045
0.557057057057057057057057057057057
0.569069069069069069069069069069069
0.581081081081081081081081081081081
0.593093093093093093093093093093093
0.605105105105105105105105105105105
0.617117117117117117117117117117117
0.629129129129129129129129129129129
0.641141141141141141141141141141141
0.653153153153153153153153153153153
0.665165165165165165165165165165165
0.677177177177177177177177177177177
0.689189189189189189189189189189189
0.701201201201201201201201201201201
0.713213213213213213213213213213213
0.725225225225225225225225225225225
0.737237237237237237237237237237237
0.749249249249249249249249249249249
0.761261261261261261261261261261261
0.773273273273273273273273273273273
0.785285285285285285285285285285285
0.797297297297297297297297297297297
0.809309309309309309309309309309309
0.821321321321321321321321321321321
0.833333333333333333333333333333333
0.845345345345345345345345345345345
0.857357357357357357357357357357357
0.869369369369369369369369369369369
0.881381381381381381381381381381381
0.893393393393393393393393393393393
0.905405405405405405405405405405405
0.917417417417417417417417417417417
0.929429429429429429429429429429429
0.941441441441441441441441441441441
0.953453453453453453453453453453454
0.965465465465465465465465465465465
0.977477477477477477477477477477477
0.989489489489489489489489489489490
1.00150150150150150150150150150150
1.01351351351351351351351351351351
1.02552552552552552552552552552553
1.03753753753753753753753753753754
1.04954954954954954954954954954955
1.06156156156156156156156156156156
1.07357357357357357357357357357357
1.08558558558558558558558558558559
1.09759759759759759759759759759760
1.10960960960960960960960960960961
1.12162162162162162162162162162162
1.13363363363363363363363363363363
1.14564564564564564564564564564565
1.15765765765765765765765765765766
1.16966966966966966966966966966967
1.18168168168168168168168168168168
1.19369369369369369369369369369369
1.20570570570570570570570570570571
1.21771771771771771771771771771772
1.22972972972972972972972972972973
1.24174174174174174174174174174174
1.25375375375375375375375375375375
1.26576576576576576576576576576577
1.27777777777777777777777777777778
1.28978978978978978978978978978979
1.30180180180180180180180180180180
1.31381381381381381381381381381381
1.32582582582582582582582582582583
1.33783783783783783783783783783784
1.34984984984984984984984984984985
1.36186186186186186186186186186186
1.37387387387387387387387387387387
1.38588588588588588588588588588589
1.39789789789789789789789789789790
1.40990990990990990990990990990991
1.42192192192192192192192192192192
1.43393393393393393393393393393393
1.44594594594594594594594594594595
1.45795795795795795795795795795796
1.46996996996996996996996996996997
1.48198198198198198198198198198198
1.49399399399399399399399399399399
1.50600600600600600600600600600601
1.51801801801801801801801801801802
1.53003003003003003003003003003003
1.54204204204204204204204204204204
1.55405405405405405405405405405405
1.56606606606606606606606606606607
1.57807807807807807807807807807808
1.59009009009009009009009009009009
1.60210210210210210210210210210210
1.61411411411411411411411411411411
1.62612612612612612612612612612613
1.63813813813813813813813813813814
1.65015015015015015015015015015015
1.66216216216216216216216216216216
1.67417417417417417417417417417417
1.68618618618618618618618618618619
1.69819819819819819819819819819820
1.71021021021021021021021021021021
1.72222222222222222222222222222222
1.73423423423423423423423423423423
1.74624624624624624624624624624625
1.75825825825825825825825825825826
1.77027027027027027027027027027027
1.78228228228228228228228228228228
1.79429429429429429429429429429429
1.80630630630630630630630630630631
1.81831831831831831831831831831832
1.83033033033033033033033033033033
1.84234234234234234234234234234234
1.85435435435435435435435435435435
1.86636636636636636636636636636637
1.87837837837837837837837837837838
1.89039039039039039039039039039039
1.90240240240240240240240240240240
1.91441441441441441441441441441441
1.92642642642642642642642642642643
1.93843843843843843843843843843844
1.95045045045045045045045045045045
1.96246246246246246246246246246246
1.97447447447447447447447447447447
1.98648648648648648648648648648649
1.99849849849849849849849849849850
2.01051051051051051051051051051051
2.02252252252252252252252252252252
2.03453453453453453453453453453453
2.04654654654654654654654654654655
2.05855855855855855855855855855856
2.07057057057057057057057057057057
2.08258258258258258258258258258258
2.09459459459459459459459459459459
2.10660660660660660660660660660661
2.11861861861861861861861861861862
2.13063063063063063063063063063063
2.14264264264264264264264264264264
2.15465465465465465465465465465465
2.16666666666666666666666666666667
2.17867867867867867867867867867868
2.19069069069069069069069069069069
2.20270270270270270270270270270270
2.21471471471471471471471471471471
2.22672672672672672672672672672673
2.23873873873873873873873873873874
2.25075075075075075075075075075075
2.26276276276276276276276276276276
2.27477477477477477477477477477477
2.28678678678678678678678678678679
2.29879879879879879879879879879880
2.31081081081081081081081081081081
2.32282282282282282282282282282282
2.33483483483483483483483483483483
2.34684684684684684684684684684685
2.35885885885885885885885885885886
2.37087087087087087087087087087087
2.38288288288288288288288288288288
2.39489489489489489489489489489489
2.40690690690690690690690690690691
2.41891891891891891891891891891892
2.43093093093093093093093093093093
2.44294294294294294294294294294294
2.45495495495495495495495495495496
2.46696696696696696696696696696697
2.47897897897897897897897897897898
2.49099099099099099099099099099099
2.50300300300300300300300300300300
2.51501501501501501501501501501501
2.52702702702702702702702702702703
2.53903903903903903903903903903904
2.55105105105105105105105105105105
2.56306306306306306306306306306306
2.57507507507507507507507507507508
2.58708708708708708708708708708709
2.59909909909909909909909909909910
2.61111111111111111111111111111111
2.62312312312312312312312312312312
2.63513513513513513513513513513514
2.64714714714714714714714714714715
2.65915915915915915915915915915916
2.67117117117117117117117117117117
2.68318318318318318318318318318318
2.69519519519519519519519519519520
2.70720720720720720720720720720721
2.71921921921921921921921921921922
2.73123123123123123123123123123123
2.74324324324324324324324324324324
2.75525525525525525525525525525526
2.76726726726726726726726726726727
2.77927927927927927927927927927928
2.79129129129129129129129129129129
2.80330330330330330330330330330330
2.81531531531531531531531531531532
2.82732732732732732732732732732733
2.83933933933933933933933933933934
2.85135135135135135135135135135135
2.86336336336336336336336336336336
2.87537537537537537537537537537538
2.88738738738738738738738738738739
2.89939939939939939939939939939940
2.91141141141141141141141141141141
2.92342342342342342342342342342342
2.93543543543543543543543543543544
2.94744744744744744744744744744745
2.95945945945945945945945945945946
2.97147147147147147147147147147147
2.98348348348348348348348348348348
2.99549549549549549549549549549550
3.00750750750750750750750750750751
3.01951951951951951951951951951952
3.03153153153153153153153153153153
3.04354354354354354354354354354354
3.05555555555555555555555555555556
3.06756756756756756756756756756757
3.07957957957957957957957957957958
3.09159159159159159159159159159159
3.10360360360360360360360360360360
3.11561561561561561561561561561562
3.12762762762762762762762762762763
3.13963963963963963963963963963964
3.15165165165165165165165165165165
3.16366366366366366366366366366366
3.17567567567567567567567567567568
3.18768768768768768768768768768769
3.19969969969969969969969969969970
3.21171171171171171171171171171171
3.22372372372372372372372372372372
3.23573573573573573573573573573574
3.24774774774774774774774774774775
3.25975975975975975975975975975976
3.27177177177177177177177177177177
3.28378378378378378378378378378378
3.29579579579579579579579579579580
3.30780780780780780780780780780781
3.31981981981981981981981981981982
3.33183183183183183183183183183183
3.34384384384384384384384384384384
3.35585585585585585585585585585586
3.36786786786786786786786786786787
3.37987987987987987987987987987988
3.39189189189189189189189189189189
3.40390390390390390390390390390390
3.41591591591591591591591591591592
3.42792792792792792792792792792793
3.43993993993993993993993993993994
3.45195195195195195195195195195195
3.46396396396396396396396396396396
3.47597597597597597597597597597598
3.48798798798798798798798798798799
3.50000000000000000000000000000000
3.51201201201201201201201201201201
3.52402402402402402402402402402402
3.53603603603603603603603603603604
3.54804804804804804804804804804805
3.56006006006006006006006006006006
3.57207207207207207207207207207207
3.58408408408408408408408408408408
3.59609609609609609609609609609610
3.60810810810810810810810810810811
3.62012012012012012012012012012012
3.63213213213213213213213213213213
3.64414414414414414414414414414414
3.65615615615615615615615615615616
3.66816816816816816816816816816817
3.68018018018018018018018018018018
3.69219219219219219219219219219219
3.70420420420420420420420420420420
3.71621621621621621621621621621622
3.72822822822822822822822822822823
3.74024024024024024024024024024024
3.75225225225225225225225225225225
3.76426426426426426426426426426426
3.77627627627627627627627627627628
3.78828828828828828828828828828829
3.80030030030030030030030030030030
3.81231231231231231231231231231231
3.82432432432432432432432432432432
3.83633633633633633633633633633634
3.84834834834834834834834834834835
3.86036036036036036036036036036036
3.87237237237237237237237237237237
3.88438438438438438438438438438438
3.89639639639639639639639639639640
3.90840840840840840840840840840841
3.92042042042042042042042042042042
3.93243243243243243243243243243243
3.94444444444444444444444444444444
3.95645645645645645645645645645646
3.96846846846846846846846846846847
3.98048048048048048048048048048048
3.99249249249249249249249249249249
4.00450450450450450450450450450450
4.01651651651651651651651651651652
4.02852852852852852852852852852853
4.04054054054054054054054054054054
4.05255255255255255255255255255255
4.06456456456456456456456456456456
4.07657657657657657657657657657658
4.08858858858858858858858858858859
4.10060060060060060060060060060060
4.11261261261261261261261261261261
4.12462462462462462462462462462462
4.13663663663663663663663663663664
4.14864864864864864864864864864865
4.16066066066066066066066066066066
4.17267267267267267267267267267267
4.18468468468468468468468468468468
4.19669669669669669669669669669670
4.20870870870870870870870870870871
4.22072072072072072072072072072072
4.23273273273273273273273273273273
4.24474474474474474474474474474474
4.25675675675675675675675675675676
4.26876876876876876876876876876877
4.28078078078078078078078078078078
4.29279279279279279279279279279279
4.30480480480480480480480480480480
4.31681681681681681681681681681682
4.32882882882882882882882882882883
4.34084084084084084084084084084084
4.35285285285285285285285285285285
4.36486486486486486486486486486486
4.37687687687687687687687687687688
4.38888888888888888888888888888889
4.40090090090090090090090090090090
4.41291291291291291291291291291291
4.42492492492492492492492492492493
4.43693693693693693693693693693694
4.44894894894894894894894894894895
4.46096096096096096096096096096096
4.47297297297297297297297297297297
4.48498498498498498498498498498499
4.49699699699699699699699699699700
4.50900900900900900900900900900901
4.52102102102102102102102102102102
4.53303303303303303303303303303303
4.54504504504504504504504504504504
4.55705705705705705705705705705706
4.56906906906906906906906906906907
4.58108108108108108108108108108108
4.59309309309309309309309309309309
4.60510510510510510510510510510510
4.61711711711711711711711711711712
4.62912912912912912912912912912913
4.64114114114114114114114114114114
4.65315315315315315315315315315315
4.66516516516516516516516516516517
4.67717717717717717717717717717718
4.68918918918918918918918918918919
4.70120120120120120120120120120120
4.71321321321321321321321321321321
4.72522522522522522522522522522523
4.73723723723723723723723723723724
4.74924924924924924924924924924925
4.76126126126126126126126126126126
4.77327327327327327327327327327327
4.78528528528528528528528528528529
4.79729729729729729729729729729730
4.80930930930930930930930930930931
4.82132132132132132132132132132132
4.83333333333333333333333333333333
4.84534534534534534534534534534535
4.85735735735735735735735735735736
4.86936936936936936936936936936937
4.88138138138138138138138138138138
4.89339339339339339339339339339339
4.90540540540540540540540540540541
4.91741741741741741741741741741742
4.92942942942942942942942942942943
4.94144144144144144144144144144144
4.95345345345345345345345345345345
4.96546546546546546546546546546547
4.97747747747747747747747747747748
4.98948948948948948948948948948949
5.00150150150150150150150150150150
5.01351351351351351351351351351351
5.02552552552552552552552552552553
5.03753753753753753753753753753754
5.04954954954954954954954954954955
5.06156156156156156156156156156156
5.07357357357357357357357357357357
5.08558558558558558558558558558559
5.09759759759759759759759759759760
5.10960960960960960960960960960961
5.12162162162162162162162162162162
5.13363363363363363363363363363363
5.14564564564564564564564564564565
5.15765765765765765765765765765766
5.16966966966966966966966966966967
5.18168168168168168168168168168168
5.19369369369369369369369369369369
5.20570570570570570570570570570571
5.21771771771771771771771771771772
5.22972972972972972972972972972973
5.24174174174174174174174174174174
5.25375375375375375375375375375375
5.26576576576576576576576576576577
5.27777777777777777777777777777778
5.28978978978978978978978978978979
5.30180180180180180180180180180180
5.31381381381381381381381381381381
5.32582582582582582582582582582583
5.33783783783783783783783783783784
5.34984984984984984984984984984985
5.36186186186186186186186186186186
5.37387387387387387387387387387387
5.38588588588588588588588588588589
5.39789789789789789789789789789790
5.40990990990990990990990990990991
5.42192192192192192192192192192192
5.43393393393393393393393393393393
5.44594594594594594594594594594595
5.45795795795795795795795795795796
5.46996996996996996996996996996997
5.48198198198198198198198198198198
5.49399399399399399399399399399399
5.50600600600600600600600600600601
5.51801801801801801801801801801802
5.53003003003003003003003003003003
5.54204204204204204204204204204204
5.55405405405405405405405405405405
5.56606606606606606606606606606607
5.57807807807807807807807807807808
5.59009009009009009009009009009009
5.60210210210210210210210210210210
5.61411411411411411411411411411411
5.62612612612612612612612612612613
5.63813813813813813813813813813814
5.65015015015015015015015015015015
5.66216216216216216216216216216216
5.67417417417417417417417417417417
5.68618618618618618618618618618619
5.69819819819819819819819819819820
5.71021021021021021021021021021021
5.72222222222222222222222222222222
5.73423423423423423423423423423423
5.74624624624624624624624624624625
5.75825825825825825825825825825826
5.77027027027027027027027027027027
5.78228228228228228228228228228228
5.79429429429429429429429429429429
5.80630630630630630630630630630631
5.81831831831831831831831831831832
5.83033033033033033033033033033033
5.84234234234234234234234234234234
5.85435435435435435435435435435435
5.86636636636636636636636636636637
5.87837837837837837837837837837838
5.89039039039039039039039039039039
5.90240240240240240240240240240240
5.91441441441441441441441441441441
5.92642642642642642642642642642643
5.93843843843843843843843843843844
5.95045045045045045045045045045045
5.96246246246246246246246246246246
5.97447447447447447447447447447447
5.98648648648648648648648648648649
5.99849849849849849849849849849850
6.01051051051051051051051051051051
6.02252252252252252252252252252252
6.03453453453453453453453453453453
6.04654654654654654654654654654655
6.05855855855855855855855855855856
6.07057057057057057057057057057057
6.08258258258258258258258258258258
6.09459459459459459459459459459459
6.10660660660660660660660660660661
6.11861861861861861861861861861862
6.13063063063063063063063063063063
6.14264264264264264264264264264264
6.15465465465465465465465465465465
6.16666666666666666666666666666667
6.17867867867867867867867867867868
6.19069069069069069069069069069069
6.20270270270270270270270270270270
6.21471471471471471471471471471471
6.22672672672672672672672672672673
6.23873873873873873873873873873874
6.25075075075075075075075075075075
6.26276276276276276276276276276276
6.27477477477477477477477477477477
6.28678678678678678678678678678679
6.29879879879879879879879879879880
6.31081081081081081081081081081081
6.32282282282282282282282282282282
6.33483483483483483483483483483483
6.34684684684684684684684684684685
6.35885885885885885885885885885886
6.37087087087087087087087087087087
6.38288288288288288288288288288288
6.39489489489489489489489489489490
6.40690690690690690690690690690691
6.41891891891891891891891891891892
6.43093093093093093093093093093093
6.44294294294294294294294294294294
6.45495495495495495495495495495496
6.46696696696696696696696696696697
6.47897897897897897897897897897898
6.49099099099099099099099099099099
6.50300300300300300300300300300300
6.51501501501501501501501501501501
6.52702702702702702702702702702703
6.53903903903903903903903903903904
6.55105105105105105105105105105105
6.56306306306306306306306306306306
6.57507507507507507507507507507507
6.58708708708708708708708708708709
6.59909909909909909909909909909910
6.61111111111111111111111111111111
6.62312312312312312312312312312312
6.63513513513513513513513513513514
6.64714714714714714714714714714715
6.65915915915915915915915915915916
6.67117117117117117117117117117117
6.68318318318318318318318318318318
6.69519519519519519519519519519520
6.70720720720720720720720720720721
6.71921921921921921921921921921922
6.73123123123123123123123123123123
6.74324324324324324324324324324324
6.75525525525525525525525525525526
6.76726726726726726726726726726727
6.77927927927927927927927927927928
6.79129129129129129129129129129129
6.80330330330330330330330330330330
6.81531531531531531531531531531532
6.82732732732732732732732732732733
6.83933933933933933933933933933934
6.85135135135135135135135135135135
6.86336336336336336336336336336336
6.87537537537537537537537537537538
6.88738738738738738738738738738739
6.89939939939939939939939939939940
6.91141141141141141141141141141141
6.92342342342342342342342342342342
6.93543543543543543543543543543544
6.94744744744744744744744744744745
6.95945945945945945945945945945946
6.97147147147147147147147147147147
6.98348348348348348348348348348348
6.99549549549549549549549549549550
7.00750750750750750750750750750751
7.01951951951951951951951951951952
7.03153153153153153153153153153153
7.04354354354354354354354354354354
7.05555555555555555555555555555556
7.06756756756756756756756756756757
7.07957957957957957957957957957958
7.09159159159159159159159159159159
7.10360360360360360360360360360360
7.11561561561561561561561561561562
7.12762762762762762762762762762763
7.13963963963963963963963963963964
7.15165165165165165165165165165165
7.16366366366366366366366366366366
7.17567567567567567567567567567568
7.18768768768768768768768768768769
7.19969969969969969969969969969970
7.21171171171171171171171171171171
7.22372372372372372372372372372372
7.23573573573573573573573573573574
7.24774774774774774774774774774775
7.25975975975975975975975975975976
7.27177177177177177177177177177177
7.28378378378378378378378378378378
7.29579579579579579579579579579580
7.30780780780780780780780780780781
7.31981981981981981981981981981982
7.33183183183183183183183183183183
7.34384384384384384384384384384384
7.35585585585585585585585585585586
7.36786786786786786786786786786787
7.37987987987987987987987987987988
7.39189189189189189189189189189189
7.40390390390390390390390390390390
7.41591591591591591591591591591592
7.42792792792792792792792792792793
7.43993993993993993993993993993994
7.45195195195195195195195195195195
7.46396396396396396396396396396396
7.47597597597597597597597597597598
7.48798798798798798798798798798799
7.50000000000000000000000000000000
