-4.50000000000000000000000000000000
-4.37878787878787878787878787878788
-4.25757575757575757575757575757576
-4.13636363636363636363636363636364
-4.01515151515151515151515151515152
-3.89393939393939393939393939393939
-3.77272727272727272727272727272727
-3.65151515151515151515151515151515
-3.53030303030303030303030303030303
-3.40909090909090909090909090909091
-3.28787878787878787878787878787879
-3.16666666666666666666666666666667
-3.04545454545454545454545454545455
-2.92424242424242424242424242424242
-2.80303030303030303030303030303030
-2.68181818181818181818181818181818
-2.56060606060606060606060606060606
-2.43939393939393939393939393939394
-2.31818181818181818181818181818182
-2.19696969696969696969696969696970
-2.07575757575757575757575757575758
-1.95454545454545454545454545454545
-1.83333333333333333333333333333333
-1.71212121212121212121212121212121
-1.59090909090909090909090909090909
-1.46969696969696969696969696969697
-1.34848484848484848484848484848485
-1.22727272727272727272727272727273
-1.10606060606060606060606060606061
-0.984848484848484848484848484848485
-0.863636363636363636363636363636364
-0.742424242424242424242424242424242
-0.621212121212121212121212121212121
-0.500000000000000000000000000000000
-0.378787878787878787878787878787879
-0.257575757575757575757575757575758
-0.136363636363636363636363636363636
-0.0151515151515151515151515151515152
0.106060606060606060606060606060606
0.227272727272727272727272727272727
0.348484848484848484848484848484849
0.469696969696969696969696969696970
0.590909090909090909090909090909091
0.712121212121212121212121212121212
0.833333333333333333333333333333333
0.954545454545454545454545454545455
1.07575757575757575757575757575758
1.19696969696969696969696969696970
1.31818181818181818181818181818182
1.43939393939393939393939393939394
1.56060606060606060606060606060606
1.68181818181818181818181818181818
1.80303030303030303030303030303030
1.92424242424242424242424242424242
2.04545454545454545454545454545455
2.16666666666666666666666666666667
2.28787878787878787878787878787879
2.40909090909090909090909090909091
2.53030303030303030303030303030303
2.65151515151515151515151515151515
2.77272727272727272727272727272727
2.89393939393939393939393939393939
3.01515151515151515151515151515152
3.13636363636363636363636363636364
3.25757575757575757575757575757576
3.37878787878787878787878787878788
3.50000000000000000000000000000000
3.62121212121212121212121212121212
3.74242424242424242424242424242424
3.86363636363636363636363636363636
3.98484848484848484848484848484848
4.10606060606060606060606060606061
4.22727272727272727272727272727273
4.34848484848484848484848484848485
4.46969696969696969696969696969697
4.59090909090909090909090909090909
4.71212121212121212121212121212121
4.83333333333333333333333333333333
4.95454545454545454545454545454545
5.07575757575757575757575757575758
5.19696969696969696969696969696970
5.31818181818181818181818181818182
5.43939393939393939393939393939394
5.56060606060606060606060606060606
5.68181818181818181818181818181818
5.80303030303030303030303030303030
5.92424242424242424242424242424242
6.04545454545454545454545454545455
6.16666666666666666666666666666667
6.28787878787878787878787878787879
6.40909090909090909090909090909091
6.53030303030303030303030303030303
6.65151515151515151515151515151515
6.77272727272727272727272727272727
6.89393939393939393939393939393939
7.01515151515151515151515151515152
7.13636363636363636363636363636364
7.25757575757575757575757575757576
7.37878787878787878787878787878788
7.50000000000000000000000000000000
