0.000000000000000000000000000000000
0.00600600600600600600600600600600601
0.0120120120120120120120120120120120
0.0180180180180180180180180180180180
0.0240240240240240240240240240240240
0.0300300300300300300300300300300300
0.0360360360360360360360360360360360
0.0420420420420420420420420420420420
0.0480480480480480480480480480480481
0.0540540540540540540540540540540541
0.0600600600600600600600600600600601
0.0660660660660660660660660660660661
0.0720720720720720720720720720720721
0.0780780780780780780780780780780781
0.0840840840840840840840840840840841
0.0900900900900900900900900900900901
0.0960960960960960960960960960960961
0.102102102102102102102102102102102
0.108108108108108108108108108108108
0.114114114114114114114114114114114
0.120120120120120120120120120120120
0.126126126126126126126126126126126
0.132132132132132132132132132132132
0.138138138138138138138138138138138
0.144144144144144144144144144144144
0.150150150150150150150150150150150
0.156156156156156156156156156156156
0.162162162162162162162162162162162
0.168168168168168168168168168168168
0.174174174174174174174174174174174
0.180180180180180180180180180180180
0.186186186186186186186186186186186
0.192192192192192192192192192192192
0.198198198198198198198198198198198
0.204204204204204204204204204204204
0.210210210210210210210210210210210
0.216216216216216216216216216216216
0.222222222222222222222222222222222
0.228228228228228228228228228228228
0.234234234234234234234234234234234
0.240240240240240240240240240240240
0.246246246246246246246246246246246
0.252252252252252252252252252252252
0.258258258258258258258258258258258
0.264264264264264264264264264264264
0.270270270270270270270270270270270
0.276276276276276276276276276276276
0.282282282282282282282282282282282
0.288288288288288288288288288288288
0.294294294294294294294294294294294
0.300300300300300300300300300300300
0.306306306306306306306306306306306
0.312312312312312312312312312312312
0.318318318318318318318318318318318
0.324324324324324324324324324324324
0.330330330330330330330330330330330
0.336336336336336336336336336336336
0.342342342342342342342342342342342
0.348348348348348348348348348348348
0.354354354354354354354354354354354
0.360360360360360360360360360360360
0.366366366366366366366366366366366
0.372372372372372372372372372372372
0.378378378378378378378378378378378
0.384384384384384384384384384384384
0.390390390390390390390390390390390
0.396396396396396396396396396396396
0.402402402402402402402402402402402
0.408408408408408408408408408408408
0.414414414414414414414414414414414
0.420420420420420420420420420420420
0.426426426426426426426426426426426
0.432432432432432432432432432432432
0.438438438438438438438438438438438
0.444444444444444444444444444444444
0.450450450450450450450450450450450
0.456456456456456456456456456456456
0.462462462462462462462462462462462
0.468468468468468468468468468468468
0.474474474474474474474474474474474
0.480480480480480480480480480480480
0.486486486486486486486486486486486
0.492492492492492492492492492492493
0.498498498498498498498498498498499
0.504504504504504504504504504504504
0.510510510510510510510510510510510
0.516516516516516516516516516516517
0.522522522522522522522522522522523
0.528528528528528528528528528528529
0.534534534534534534534534534534535
0.540540540540540540540540540540541
0.546546546546546546546546546546546
0.552552552552552552552552552552553
0.558558558558558558558558558558559
0.564564564564564564564564564564565
0.570570570570570570570570570570571
0.576576576576576576576576576576577
0.582582582582582582582582582582583
0.588588588588588588588588588588589
0.594594594594594594594594594594595
0.600600600600600600600600600600601
0.606606606606606606606606606606607
0.612612612612612612612612612612613
0.618618618618618618618618618618619
0.624624624624624624624624624624625
0.630630630630630630630630630630631
0.636636636636636636636636636636637
0.642642642642642642642642642642643
0.648648648648648648648648648648649
0.654654654654654654654654654654655
0.660660660660660660660660660660661
0.666666666666666666666666666666667
0.672672672672672672672672672672673
0.678678678678678678678678678678679
0.684684684684684684684684684684685
0.690690690690690690690690690690691
0.696696696696696696696696696696697
0.702702702702702702702702702702703
0.708708708708708708708708708708709
0.714714714714714714714714714714715
0.720720720720720720720720720720721
0.726726726726726726726726726726727
0.732732732732732732732732732732733
0.738738738738738738738738738738739
0.744744744744744744744744744744745
0.750750750750750750750750750750751
0.756756756756756756756756756756757
0.762762762762762762762762762762763
0.768768768768768768768768768768769
0.774774774774774774774774774774775
0.780780780780780780780780780780781
0.786786786786786786786786786786787
0.792792792792792792792792792792793
0.798798798798798798798798798798799
0.804804804804804804804804804804805
0.810810810810810810810810810810811
0.816816816816816816816816816816817
0.822822822822822822822822822822823
0.828828828828828828828828828828829
0.834834834834834834834834834834835
0.840840840840840840840840840840841
0.846846846846846846846846846846847
0.852852852852852852852852852852853
0.858858858858858858858858858858859
0.864864864864864864864864864864865
0.870870870870870870870870870870871
0.876876876876876876876876876876877
0.882882882882882882882882882882883
0.888888888888888888888888888888889
0.894894894894894894894894894894895
0.900900900900900900900900900900901
0.906906906906906906906906906906907
0.912912912912912912912912912912913
0.918918918918918918918918918918919
0.924924924924924924924924924924925
0.930930930930930930930930930930931
0.936936936936936936936936936936937
0.942942942942942942942942942942943
0.948948948948948948948948948948949
0.954954954954954954954954954954955
0.960960960960960960960960960960961
0.966966966966966966966966966966967
0.972972972972972972972972972972973
0.978978978978978978978978978978979
0.984984984984984984984984984984985
0.990990990990990990990990990990991
0.996996996996996996996996996996997
1.00300300300300300300300300300300
1.00900900900900900900900900900901
1.01501501501501501501501501501501
1.02102102102102102102102102102102
1.02702702702702702702702702702703
1.03303303303303303303303303303303
1.03903903903903903903903903903904
1.04504504504504504504504504504505
1.05105105105105105105105105105105
1.05705705705705705705705705705706
1.06306306306306306306306306306306
1.06906906906906906906906906906907
1.07507507507507507507507507507508
1.08108108108108108108108108108108
1.08708708708708708708708708708709
1.09309309309309309309309309309309
1.09909909909909909909909909909910
1.10510510510510510510510510510511
1.11111111111111111111111111111111
1.11711711711711711711711711711712
1.12312312312312312312312312312312
1.12912912912912912912912912912913
1.13513513513513513513513513513514
1.14114114114114114114114114114114
1.14714714714714714714714714714715
1.15315315315315315315315315315315
1.15915915915915915915915915915916
1.16516516516516516516516516516517
1.17117117117117117117117117117117
1.17717717717717717717717717717718
1.18318318318318318318318318318318
1.18918918918918918918918918918919
1.19519519519519519519519519519520
1.20120120120120120120120120120120
1.20720720720720720720720720720721
1.21321321321321321321321321321321
1.21921921921921921921921921921922
1.22522522522522522522522522522523
1.23123123123123123123123123123123
1.23723723723723723723723723723724
1.24324324324324324324324324324324
1.24924924924924924924924924924925
1.25525525525525525525525525525526
1.26126126126126126126126126126126
1.26726726726726726726726726726727
1.27327327327327327327327327327327
1.27927927927927927927927927927928
1.28528528528528528528528528528529
1.29129129129129129129129129129129
1.29729729729729729729729729729730
1.30330330330330330330330330330330
1.30930930930930930930930930930931
1.31531531531531531531531531531532
1.32132132132132132132132132132132
1.32732732732732732732732732732733
1.33333333333333333333333333333333
1.33933933933933933933933933933934
1.34534534534534534534534534534535
1.35135135135135135135135135135135
1.35735735735735735735735735735736
1.36336336336336336336336336336336
1.36936936936936936936936936936937
1.37537537537537537537537537537538
1.38138138138138138138138138138138
1.38738738738738738738738738738739
1.39339339339339339339339339339339
1.39939939939939939939939939939940
1.40540540540540540540540540540541
1.41141141141141141141141141141141
1.41741741741741741741741741741742
1.42342342342342342342342342342342
1.42942942942942942942942942942943
1.43543543543543543543543543543544
1.44144144144144144144144144144144
1.44744744744744744744744744744745
1.45345345345345345345345345345345
1.45945945945945945945945945945946
1.46546546546546546546546546546547
1.47147147147147147147147147147147
1.47747747747747747747747747747748
1.48348348348348348348348348348348
1.48948948948948948948948948948949
1.49549549549549549549549549549550
1.50150150150150150150150150150150
1.50750750750750750750750750750751
1.51351351351351351351351351351351
1.51951951951951951951951951951952
1.52552552552552552552552552552553
1.53153153153153153153153153153153
1.53753753753753753753753753753754
1.54354354354354354354354354354354
1.54954954954954954954954954954955
1.55555555555555555555555555555556
1.56156156156156156156156156156156
1.56756756756756756756756756756757
1.57357357357357357357357357357357
1.57957957957957957957957957957958
1.58558558558558558558558558558559
1.59159159159159159159159159159159
1.59759759759759759759759759759760
1.60360360360360360360360360360360
1.60960960960960960960960960960961
1.61561561561561561561561561561562
1.62162162162162162162162162162162
1.62762762762762762762762762762763
1.63363363363363363363363363363363
1.63963963963963963963963963963964
1.64564564564564564564564564564565
1.65165165165165165165165165165165
1.65765765765765765765765765765766
1.66366366366366366366366366366366
1.66966966966966966966966966966967
1.67567567567567567567567567567568
1.68168168168168168168168168168168
1.68768768768768768768768768768769
1.69369369369369369369369369369369
1.69969969969969969969969969969970
1.70570570570570570570570570570571
1.71171171171171171171171171171171
1.71771771771771771771771771771772
1.72372372372372372372372372372372
1.72972972972972972972972972972973
1.73573573573573573573573573573574
1.74174174174174174174174174174174
1.74774774774774774774774774774775
1.75375375375375375375375375375375
1.75975975975975975975975975975976
1.76576576576576576576576576576577
1.77177177177177177177177177177177
1.77777777777777777777777777777778
1.78378378378378378378378378378378
1.78978978978978978978978978978979
1.79579579579579579579579579579580
1.80180180180180180180180180180180
1.80780780780780780780780780780781
1.81381381381381381381381381381381
1.81981981981981981981981981981982
1.82582582582582582582582582582583
1.83183183183183183183183183183183
1.83783783783783783783783783783784
1.84384384384384384384384384384384
1.84984984984984984984984984984985
1.85585585585585585585585585585586
1.86186186186186186186186186186186
1.86786786786786786786786786786787
1.87387387387387387387387387387387
1.87987987987987987987987987987988
1.88588588588588588588588588588589
1.89189189189189189189189189189189
1.89789789789789789789789789789790
1.90390390390390390390390390390390
1.90990990990990990990990990990991
1.91591591591591591591591591591592
1.92192192192192192192192192192192
1.92792792792792792792792792792793
1.93393393393393393393393393393393
1.93993993993993993993993993993994
1.94594594594594594594594594594595
1.95195195195195195195195195195195
1.95795795795795795795795795795796
1.96396396396396396396396396396396
1.96996996996996996996996996996997
1.97597597597597597597597597597598
1.98198198198198198198198198198198
1.98798798798798798798798798798799
1.99399399399399399399399399399399
2.00000000000000000000000000000000
2.00600600600600600600600600600601
2.01201201201201201201201201201201
2.01801801801801801801801801801802
2.02402402402402402402402402402402
2.03003003003003003003003003003003
2.03603603603603603603603603603604
2.04204204204204204204204204204204
2.04804804804804804804804804804805
2.05405405405405405405405405405405
2.06006006006006006006006006006006
2.06606606606606606606606606606607
2.07207207207207207207207207207207
2.07807807807807807807807807807808
2.08408408408408408408408408408408
2.09009009009009009009009009009009
2.09609609609609609609609609609610
2.10210210210210210210210210210210
2.10810810810810810810810810810811
2.11411411411411411411411411411411
2.12012012012012012012012012012012
2.12612612612612612612612612612613
2.13213213213213213213213213213213
2.13813813813813813813813813813814
2.14414414414414414414414414414414
2.15015015015015015015015015015015
2.15615615615615615615615615615616
2.16216216216216216216216216216216
2.16816816816816816816816816816817
2.17417417417417417417417417417417
2.18018018018018018018018018018018
2.18618618618618618618618618618619
2.19219219219219219219219219219219
2.19819819819819819819819819819820
2.20420420420420420420420420420420
2.21021021021021021021021021021021
2.21621621621621621621621621621622
2.22222222222222222222222222222222
2.22822822822822822822822822822823
2.23423423423423423423423423423423
2.24024024024024024024024024024024
2.24624624624624624624624624624625
2.25225225225225225225225225225225
2.25825825825825825825825825825826
2.26426426426426426426426426426426
2.27027027027027027027027027027027
2.27627627627627627627627627627628
2.28228228228228228228228228228228
2.28828828828828828828828828828829
2.29429429429429429429429429429429
2.30030030030030030030030030030030
2.30630630630630630630630630630631
2.31231231231231231231231231231231
2.31831831831831831831831831831832
2.32432432432432432432432432432432
2.33033033033033033033033033033033
2.33633633633633633633633633633634
2.34234234234234234234234234234234
2.34834834834834834834834834834835
2.35435435435435435435435435435435
2.36036036036036036036036036036036
2.36636636636636636636636636636637
2.37237237237237237237237237237237
2.37837837837837837837837837837838
2.38438438438438438438438438438438
2.39039039039039039039039039039039
2.39639639639639639639639639639640
2.40240240240240240240240240240240
2.40840840840840840840840840840841
2.41441441441441441441441441441441
2.42042042042042042042042042042042
2.42642642642642642642642642642643
2.43243243243243243243243243243243
2.43843843843843843843843843843844
2.44444444444444444444444444444444
2.45045045045045045045045045045045
2.45645645645645645645645645645646
2.46246246246246246246246246246246
2.46846846846846846846846846846847
2.47447447447447447447447447447447
2.48048048048048048048048048048048
2.48648648648648648648648648648649
2.49249249249249249249249249249249
2.49849849849849849849849849849850
2.50450450450450450450450450450450
2.51051051051051051051051051051051
2.51651651651651651651651651651652
2.52252252252252252252252252252252
2.52852852852852852852852852852853
2.53453453453453453453453453453453
2.54054054054054054054054054054054
2.54654654654654654654654654654655
2.55255255255255255255255255255255
2.55855855855855855855855855855856
2.56456456456456456456456456456456
2.57057057057057057057057057057057
2.57657657657657657657657657657658
2.58258258258258258258258258258258
2.58858858858858858858858858858859
2.59459459459459459459459459459459
2.60060060060060060060060060060060
2.60660660660660660660660660660661
2.61261261261261261261261261261261
2.61861861861861861861861861861862
2.62462462462462462462462462462462
2.63063063063063063063063063063063
2.63663663663663663663663663663664
2.64264264264264264264264264264264
2.64864864864864864864864864864865
2.65465465465465465465465465465465
2.66066066066066066066066066066066
2.66666666666666666666666666666667
2.67267267267267267267267267267267
2.67867867867867867867867867867868
2.68468468468468468468468468468468
2.69069069069069069069069069069069
2.69669669669669669669669669669670
2.70270270270270270270270270270270
2.70870870870870870870870870870871
2.71471471471471471471471471471471
2.72072072072072072072072072072072
2.72672672672672672672672672672673
2.73273273273273273273273273273273
2.73873873873873873873873873873874
2.74474474474474474474474474474474
2.75075075075075075075075075075075
2.75675675675675675675675675675676
2.76276276276276276276276276276276
2.76876876876876876876876876876877
2.77477477477477477477477477477477
2.78078078078078078078078078078078
2.78678678678678678678678678678679
2.79279279279279279279279279279279
2.79879879879879879879879879879880
2.80480480480480480480480480480480
2.81081081081081081081081081081081
2.81681681681681681681681681681682
2.82282282282282282282282282282282
2.82882882882882882882882882882883
2.83483483483483483483483483483483
2.84084084084084084084084084084084
2.84684684684684684684684684684685
2.85285285285285285285285285285285
2.85885885885885885885885885885886
2.86486486486486486486486486486486
2.87087087087087087087087087087087
2.87687687687687687687687687687688
2.88288288288288288288288288288288
2.88888888888888888888888888888889
2.89489489489489489489489489489489
2.90090090090090090090090090090090
2.90690690690690690690690690690691
2.91291291291291291291291291291291
2.91891891891891891891891891891892
2.92492492492492492492492492492492
2.93093093093093093093093093093093
2.93693693693693693693693693693694
2.94294294294294294294294294294294
2.94894894894894894894894894894895
2.95495495495495495495495495495496
2.96096096096096096096096096096096
2.96696696696696696696696696696697
2.97297297297297297297297297297297
2.97897897897897897897897897897898
2.98498498498498498498498498498499
2.99099099099099099099099099099099
2.99699699699699699699699699699700
3.00300300300300300300300300300300
3.00900900900900900900900900900901
3.01501501501501501501501501501501
3.02102102102102102102102102102102
3.02702702702702702702702702702703
3.03303303303303303303303303303303
3.03903903903903903903903903903904
3.04504504504504504504504504504504
3.05105105105105105105105105105105
3.05705705705705705705705705705706
3.06306306306306306306306306306306
3.06906906906906906906906906906907
3.07507507507507507507507507507508
3.08108108108108108108108108108108
3.08708708708708708708708708708709
3.09309309309309309309309309309309
3.09909909909909909909909909909910
3.10510510510510510510510510510511
3.11111111111111111111111111111111
3.11711711711711711711711711711712
3.12312312312312312312312312312312
3.12912912912912912912912912912913
3.13513513513513513513513513513514
3.14114114114114114114114114114114
3.14714714714714714714714714714715
3.15315315315315315315315315315315
3.15915915915915915915915915915916
3.16516516516516516516516516516517
3.17117117117117117117117117117117
3.17717717717717717717717717717718
3.18318318318318318318318318318318
3.18918918918918918918918918918919
3.19519519519519519519519519519520
3.20120120120120120120120120120120
3.20720720720720720720720720720721
3.21321321321321321321321321321321
3.21921921921921921921921921921922
3.22522522522522522522522522522523
3.23123123123123123123123123123123
3.23723723723723723723723723723724
3.24324324324324324324324324324324
3.24924924924924924924924924924925
3.25525525525525525525525525525526
3.26126126126126126126126126126126
3.26726726726726726726726726726727
3.27327327327327327327327327327327
3.27927927927927927927927927927928
3.28528528528528528528528528528529
3.29129129129129129129129129129129
3.29729729729729729729729729729730
3.30330330330330330330330330330330
3.30930930930930930930930930930931
3.31531531531531531531531531531532
3.32132132132132132132132132132132
3.32732732732732732732732732732733
3.33333333333333333333333333333333
3.33933933933933933933933933933934
3.34534534534534534534534534534535
3.35135135135135135135135135135135
3.35735735735735735735735735735736
3.36336336336336336336336336336336
3.36936936936936936936936936936937
3.37537537537537537537537537537538
3.38138138138138138138138138138138
3.38738738738738738738738738738739
3.39339339339339339339339339339339
3.39939939939939939939939939939940
3.40540540540540540540540540540541
3.41141141141141141141141141141141
3.41741741741741741741741741741742
3.42342342342342342342342342342342
3.42942942942942942942942942942943
3.43543543543543543543543543543544
3.44144144144144144144144144144144
3.44744744744744744744744744744745
3.45345345345345345345345345345345
3.45945945945945945945945945945946
3.46546546546546546546546546546547
3.47147147147147147147147147147147
3.47747747747747747747747747747748
3.48348348348348348348348348348348
3.48948948948948948948948948948949
3.49549549549549549549549549549550
3.50150150150150150150150150150150
3.50750750750750750750750750750751
3.51351351351351351351351351351351
3.51951951951951951951951951951952
3.52552552552552552552552552552553
3.53153153153153153153153153153153
3.53753753753753753753753753753754
3.54354354354354354354354354354354
3.54954954954954954954954954954955
3.55555555555555555555555555555556
3.56156156156156156156156156156156
3.56756756756756756756756756756757
3.57357357357357357357357357357357
3.57957957957957957957957957957958
3.58558558558558558558558558558559
3.59159159159159159159159159159159
3.59759759759759759759759759759760
3.60360360360360360360360360360360
3.60960960960960960960960960960961
3.61561561561561561561561561561562
3.62162162162162162162162162162162
3.62762762762762762762762762762763
3.63363363363363363363363363363363
3.63963963963963963963963963963964
3.64564564564564564564564564564565
3.65165165165165165165165165165165
3.65765765765765765765765765765766
3.66366366366366366366366366366366
3.66966966966966966966966966966967
3.67567567567567567567567567567568
3.68168168168168168168168168168168
3.68768768768768768768768768768769
3.69369369369369369369369369369369
3.69969969969969969969969969969970
3.70570570570570570570570570570571
3.71171171171171171171171171171171
3.71771771771771771771771771771772
3.72372372372372372372372372372372
3.72972972972972972972972972972973
3.73573573573573573573573573573574
3.74174174174174174174174174174174
3.74774774774774774774774774774775
3.75375375375375375375375375375375
3.75975975975975975975975975975976
3.76576576576576576576576576576577
3.77177177177177177177177177177177
3.77777777777777777777777777777778
3.78378378378378378378378378378378
3.78978978978978978978978978978979
3.79579579579579579579579579579580
3.80180180180180180180180180180180
3.80780780780780780780780780780781
3.81381381381381381381381381381381
3.81981981981981981981981981981982
3.82582582582582582582582582582583
3.83183183183183183183183183183183
3.83783783783783783783783783783784
3.84384384384384384384384384384384
3.84984984984984984984984984984985
3.85585585585585585585585585585586
3.86186186186186186186186186186186
3.86786786786786786786786786786787
3.87387387387387387387387387387387
3.87987987987987987987987987987988
3.88588588588588588588588588588589
3.89189189189189189189189189189189
3.89789789789789789789789789789790
3.90390390390390390390390390390390
3.90990990990990990990990990990991
3.91591591591591591591591591591592
3.92192192192192192192192192192192
3.92792792792792792792792792792793
3.93393393393393393393393393393393
3.93993993993993993993993993993994
3.94594594594594594594594594594595
3.95195195195195195195195195195195
3.95795795795795795795795795795796
3.96396396396396396396396396396396
3.96996996996996996996996996996997
3.97597597597597597597597597597598
3.98198198198198198198198198198198
3.98798798798798798798798798798799
3.99399399399399399399399399399399
4.00000000000000000000000000000000
4.00600600600600600600600600600601
4.01201201201201201201201201201201
4.01801801801801801801801801801802
4.02402402402402402402402402402402
4.03003003003003003003003003003003
4.03603603603603603603603603603604
4.04204204204204204204204204204204
4.04804804804804804804804804804805
4.05405405405405405405405405405405
4.06006006006006006006006006006006
4.06606606606606606606606606606607
4.07207207207207207207207207207207
4.07807807807807807807807807807808
4.08408408408408408408408408408408
4.09009009009009009009009009009009
4.09609609609609609609609609609610
4.10210210210210210210210210210210
4.10810810810810810810810810810811
4.11411411411411411411411411411411
4.12012012012012012012012012012012
4.12612612612612612612612612612613
4.13213213213213213213213213213213
4.13813813813813813813813813813814
4.14414414414414414414414414414414
4.15015015015015015015015015015015
4.15615615615615615615615615615616
4.16216216216216216216216216216216
4.16816816816816816816816816816817
4.17417417417417417417417417417417
4.18018018018018018018018018018018
4.18618618618618618618618618618619
4.19219219219219219219219219219219
4.19819819819819819819819819819820
4.20420420420420420420420420420420
4.21021021021021021021021021021021
4.21621621621621621621621621621622
4.22222222222222222222222222222222
4.22822822822822822822822822822823
4.23423423423423423423423423423423
4.24024024024024024024024024024024
4.24624624624624624624624624624625
4.25225225225225225225225225225225
4.25825825825825825825825825825826
4.26426426426426426426426426426426
4.27027027027027027027027027027027
4.27627627627627627627627627627628
4.28228228228228228228228228228228
4.28828828828828828828828828828829
4.29429429429429429429429429429429
4.30030030030030030030030030030030
4.30630630630630630630630630630631
4.31231231231231231231231231231231
4.31831831831831831831831831831832
4.32432432432432432432432432432432
4.33033033033033033033033033033033
4.33633633633633633633633633633634
4.34234234234234234234234234234234
4.34834834834834834834834834834835
4.35435435435435435435435435435435
4.36036036036036036036036036036036
4.36636636636636636636636636636637
4.37237237237237237237237237237237
4.37837837837837837837837837837838
4.38438438438438438438438438438438
4.39039039039039039039039039039039
4.39639639639639639639639639639640
4.40240240240240240240240240240240
4.40840840840840840840840840840841
4.41441441441441441441441441441441
4.42042042042042042042042042042042
4.42642642642642642642642642642643
4.43243243243243243243243243243243
4.43843843843843843843843843843844
4.44444444444444444444444444444444
4.45045045045045045045045045045045
4.45645645645645645645645645645646
4.46246246246246246246246246246246
4.46846846846846846846846846846847
4.47447447447447447447447447447447
4.48048048048048048048048048048048
4.48648648648648648648648648648649
4.49249249249249249249249249249249
4.49849849849849849849849849849850
4.50450450450450450450450450450450
4.51051051051051051051051051051051
4.51651651651651651651651651651652
4.52252252252252252252252252252252
4.52852852852852852852852852852853
4.53453453453453453453453453453453
4.54054054054054054054054054054054
4.54654654654654654654654654654655
4.55255255255255255255255255255255
4.55855855855855855855855855855856
4.56456456456456456456456456456456
4.57057057057057057057057057057057
4.57657657657657657657657657657658
4.58258258258258258258258258258258
4.58858858858858858858858858858859
4.59459459459459459459459459459459
4.60060060060060060060060060060060
4.60660660660660660660660660660661
4.61261261261261261261261261261261
4.61861861861861861861861861861862
4.62462462462462462462462462462462
4.63063063063063063063063063063063
4.63663663663663663663663663663664
4.64264264264264264264264264264264
4.64864864864864864864864864864865
4.65465465465465465465465465465465
4.66066066066066066066066066066066
4.66666666666666666666666666666667
4.67267267267267267267267267267267
4.67867867867867867867867867867868
4.68468468468468468468468468468468
4.69069069069069069069069069069069
4.69669669669669669669669669669670
4.70270270270270270270270270270270
4.70870870870870870870870870870871
4.71471471471471471471471471471471
4.72072072072072072072072072072072
4.72672672672672672672672672672673
4.73273273273273273273273273273273
4.73873873873873873873873873873874
4.74474474474474474474474474474474
4.75075075075075075075075075075075
4.75675675675675675675675675675676
4.76276276276276276276276276276276
4.76876876876876876876876876876877
4.77477477477477477477477477477477
4.78078078078078078078078078078078
4.78678678678678678678678678678679
4.79279279279279279279279279279279
4.79879879879879879879879879879880
4.80480480480480480480480480480480
4.81081081081081081081081081081081
4.81681681681681681681681681681682
4.82282282282282282282282282282282
4.82882882882882882882882882882883
4.83483483483483483483483483483483
4.84084084084084084084084084084084
4.84684684684684684684684684684685
4.85285285285285285285285285285285
4.85885885885885885885885885885886
4.86486486486486486486486486486486
4.87087087087087087087087087087087
4.87687687687687687687687687687688
4.88288288288288288288288288288288
4.88888888888888888888888888888889
4.89489489489489489489489489489490
4.90090090090090090090090090090090
4.90690690690690690690690690690691
4.91291291291291291291291291291291
4.91891891891891891891891891891892
4.92492492492492492492492492492493
4.93093093093093093093093093093093
4.93693693693693693693693693693694
4.94294294294294294294294294294294
4.94894894894894894894894894894895
4.95495495495495495495495495495496
4.96096096096096096096096096096096
4.96696696696696696696696696696697
4.97297297297297297297297297297297
4.97897897897897897897897897897898
4.98498498498498498498498498498499
4.99099099099099099099099099099099
4.99699699699699699699699699699700
5.00300300300300300300300300300300
5.00900900900900900900900900900901
5.01501501501501501501501501501501
5.02102102102102102102102102102102
5.02702702702702702702702702702703
5.03303303303303303303303303303303
5.03903903903903903903903903903904
5.04504504504504504504504504504504
5.05105105105105105105105105105105
5.05705705705705705705705705705706
5.06306306306306306306306306306306
5.06906906906906906906906906906907
5.07507507507507507507507507507507
5.08108108108108108108108108108108
5.08708708708708708708708708708709
5.09309309309309309309309309309309
5.09909909909909909909909909909910
5.10510510510510510510510510510510
5.11111111111111111111111111111111
5.11711711711711711711711711711712
5.12312312312312312312312312312312
5.12912912912912912912912912912913
5.13513513513513513513513513513514
5.14114114114114114114114114114114
5.14714714714714714714714714714715
5.15315315315315315315315315315315
5.15915915915915915915915915915916
5.16516516516516516516516516516517
5.17117117117117117117117117117117
5.17717717717717717717717717717718
5.18318318318318318318318318318318
5.18918918918918918918918918918919
5.19519519519519519519519519519520
5.20120120120120120120120120120120
5.20720720720720720720720720720721
5.21321321321321321321321321321321
5.21921921921921921921921921921922
5.22522522522522522522522522522523
5.23123123123123123123123123123123
5.23723723723723723723723723723724
5.24324324324324324324324324324324
5.24924924924924924924924924924925
5.25525525525525525525525525525526
5.26126126126126126126126126126126
5.26726726726726726726726726726727
5.27327327327327327327327327327327
5.27927927927927927927927927927928
5.28528528528528528528528528528529
5.29129129129129129129129129129129
5.29729729729729729729729729729730
5.30330330330330330330330330330330
5.30930930930930930930930930930931
5.31531531531531531531531531531532
5.32132132132132132132132132132132
5.32732732732732732732732732732733
5.33333333333333333333333333333333
5.33933933933933933933933933933934
5.34534534534534534534534534534535
5.35135135135135135135135135135135
5.35735735735735735735735735735736
5.36336336336336336336336336336336
5.36936936936936936936936936936937
5.37537537537537537537537537537538
5.38138138138138138138138138138138
5.38738738738738738738738738738739
5.39339339339339339339339339339339
5.39939939939939939939939939939940
5.40540540540540540540540540540541
5.41141141141141141141141141141141
5.41741741741741741741741741741742
5.42342342342342342342342342342342
5.42942942942942942942942942942943
5.43543543543543543543543543543544
5.44144144144144144144144144144144
5.44744744744744744744744744744745
5.45345345345345345345345345345345
5.45945945945945945945945945945946
5.46546546546546546546546546546547
5.47147147147147147147147147147147
5.47747747747747747747747747747748
5.48348348348348348348348348348348
5.48948948948948948948948948948949
5.49549549549549549549549549549550
5.50150150150150150150150150150150
5.50750750750750750750750750750751
5.51351351351351351351351351351351
5.51951951951951951951951951951952
5.52552552552552552552552552552553
5.53153153153153153153153153153153
5.53753753753753753753753753753754
5.54354354354354354354354354354354
5.54954954954954954954954954954955
5.55555555555555555555555555555556
5.56156156156156156156156156156156
5.56756756756756756756756756756757
5.57357357357357357357357357357357
5.57957957957957957957957957957958
5.58558558558558558558558558558559
5.59159159159159159159159159159159
5.59759759759759759759759759759760
5.60360360360360360360360360360360
5.60960960960960960960960960960961
5.61561561561561561561561561561562
5.62162162162162162162162162162162
5.62762762762762762762762762762763
5.63363363363363363363363363363363
5.63963963963963963963963963963964
5.64564564564564564564564564564565
5.65165165165165165165165165165165
5.65765765765765765765765765765766
5.66366366366366366366366366366366
5.66966966966966966966966966966967
5.67567567567567567567567567567568
5.68168168168168168168168168168168
5.68768768768768768768768768768769
5.69369369369369369369369369369369
5.69969969969969969969969969969970
5.70570570570570570570570570570571
5.71171171171171171171171171171171
5.71771771771771771771771771771772
5.72372372372372372372372372372372
5.72972972972972972972972972972973
5.73573573573573573573573573573574
5.74174174174174174174174174174174
5.74774774774774774774774774774775
5.75375375375375375375375375375375
5.75975975975975975975975975975976
5.76576576576576576576576576576577
5.77177177177177177177177177177177
5.77777777777777777777777777777778
5.78378378378378378378378378378378
5.78978978978978978978978978978979
5.79579579579579579579579579579580
5.80180180180180180180180180180180
5.80780780780780780780780780780781
5.81381381381381381381381381381381
5.81981981981981981981981981981982
5.82582582582582582582582582582583
5.83183183183183183183183183183183
5.83783783783783783783783783783784
5.84384384384384384384384384384384
5.84984984984984984984984984984985
5.85585585585585585585585585585586
5.86186186186186186186186186186186
5.86786786786786786786786786786787
5.87387387387387387387387387387387
5.87987987987987987987987987987988
5.88588588588588588588588588588589
5.89189189189189189189189189189189
5.89789789789789789789789789789790
5.90390390390390390390390390390390
5.90990990990990990990990990990991
5.91591591591591591591591591591592
5.92192192192192192192192192192192
5.92792792792792792792792792792793
5.93393393393393393393393393393393
5.93993993993993993993993993993994
5.94594594594594594594594594594595
5.95195195195195195195195195195195
5.95795795795795795795795795795796
5.96396396396396396396396396396396
5.96996996996996996996996996996997
5.97597597597597597597597597597598
5.98198198198198198198198198198198
5.98798798798798798798798798798799
5.99399399399399399399399399399399
6.00000000000000000000000000000000
