0.000000000000000000000000000000000
0.0606060606060606060606060606060606
0.121212121212121212121212121212121
0.181818181818181818181818181818182
0.242424242424242424242424242424242
0.303030303030303030303030303030303
0.363636363636363636363636363636364
0.424242424242424242424242424242424
0.484848484848484848484848484848485
0.545454545454545454545454545454545
0.606060606060606060606060606060606
0.666666666666666666666666666666667
0.727272727272727272727272727272727
0.787878787878787878787878787878788
0.848484848484848484848484848484849
0.909090909090909090909090909090909
0.969696969696969696969696969696970
1.03030303030303030303030303030303
1.09090909090909090909090909090909
1.15151515151515151515151515151515
1.21212121212121212121212121212121
1.27272727272727272727272727272727
1.33333333333333333333333333333333
1.39393939393939393939393939393939
1.45454545454545454545454545454545
1.51515151515151515151515151515152
1.57575757575757575757575757575758
1.63636363636363636363636363636364
1.69696969696969696969696969696970
1.75757575757575757575757575757576
1.81818181818181818181818181818182
1.87878787878787878787878787878788
1.93939393939393939393939393939394
2.00000000000000000000000000000000
2.06060606060606060606060606060606
2.12121212121212121212121212121212
2.18181818181818181818181818181818
2.24242424242424242424242424242424
2.30303030303030303030303030303030
2.36363636363636363636363636363636
2.42424242424242424242424242424242
2.48484848484848484848484848484848
2.54545454545454545454545454545455
2.60606060606060606060606060606061
2.66666666666666666666666666666667
2.72727272727272727272727272727273
2.78787878787878787878787878787879
2.84848484848484848484848484848485
2.90909090909090909090909090909091
2.96969696969696969696969696969697
3.03030303030303030303030303030303
3.09090909090909090909090909090909
3.15151515151515151515151515151515
3.21212121212121212121212121212121
3.27272727272727272727272727272727
3.33333333333333333333333333333333
3.39393939393939393939393939393939
3.45454545454545454545454545454545
3.51515151515151515151515151515152
3.57575757575757575757575757575758
3.63636363636363636363636363636364
3.69696969696969696969696969696970
3.75757575757575757575757575757576
3.81818181818181818181818181818182
3.87878787878787878787878787878788
3.93939393939393939393939393939394
4.00000000000000000000000000000000
4.06060606060606060606060606060606
4.12121212121212121212121212121212
4.18181818181818181818181818181818
4.24242424242424242424242424242424
4.30303030303030303030303030303030
4.36363636363636363636363636363636
4.42424242424242424242424242424242
4.48484848484848484848484848484848
4.54545454545454545454545454545455
4.60606060606060606060606060606061
4.66666666666666666666666666666667
4.72727272727272727272727272727273
4.78787878787878787878787878787879
4.84848484848484848484848484848485
4.90909090909090909090909090909091
4.96969696969696969696969696969697
5.03030303030303030303030303030303
5.09090909090909090909090909090909
5.15151515151515151515151515151515
5.21212121212121212121212121212121
5.27272727272727272727272727272727
5.33333333333333333333333333333333
5.39393939393939393939393939393939
5.45454545454545454545454545454545
5.51515151515151515151515151515152
5.57575757575757575757575757575758
5.63636363636363636363636363636364
5.69696969696969696969696969696970
5.75757575757575757575757575757576
5.81818181818181818181818181818182
5.87878787878787878787878787878788
5.93939393939393939393939393939394
6.00000000000000000000000000000000
